SYN_IASP91_13.0.dat
100 160 100
100 160 100
100 160   1
SYN_IASP91_13.5.dat
100 160 100
100 160 100
100 160   1
SYN_IASP91_14.0.dat
100 160 100
100 160 100
100 160   1
SYN_IASP91_14.5.dat
100 160 100
100 160 100
100 160   1
SYN_IASP91_15.0.dat
100 160 100
100 160 100
100 160   1
SYN_IASP91_15.5.dat
100 160 100
100 160 100
100 160   1
SYN_IASP91_16.0.dat
100 160 100
100 160 100
100 160   1
SYN_IASP91_16.5.dat
100 160 100
100 160 100
100 160   1
SYN_IASP91_17.0.dat
100 160 100
100 160 100
100 160   1
SYN_IASP91_17.5.dat
100 160 100
100 160 100
100 160   1
SYN_IASP91_18.0.dat
100 160 100
100 160 100
100 160   1
SYN_IASP91_18.5.dat
100 160 100
100 160 100
100 160   1
SYN_IASP91_19.0.dat
100 160 100
100 160 100
100 160   1
SYN_IASP91_19.5.dat
100 160 100
100 160 100
100 160   1
SYN_IASP91_20.0.dat
100 160 100
100 160 100
100 160   1
SYN_IASP91_20.5.dat
100 160 100
100 160 100
100 160   1
SYN_IASP91_21.0.dat
100 160 100
100 160 100
100 160   1
