-0.00004389
-0.00025432
-0.00057110
-0.00081706
-0.00093710
-0.00099353
-0.00106249
-0.00113244
-0.00109630
-0.00084716
-0.00038971
0.00011728
0.00043504
0.00039858
0.00003393
-0.00046467
-0.00085985
-0.00099462
-0.00085590
-0.00056659
-0.00031606
-0.00026393
-0.00045400
-0.00078045
-0.00105617
-0.00115118
-0.00107660
-0.00095302
-0.00092469
-0.00108776
-0.00144411
-0.00188650
-0.00224371
-0.00238094
-0.00228907
-0.00209019
-0.00194567
-0.00194160
-0.00205421
-0.00220912
-0.00235187
-0.00247260
-0.00259885
-0.00277629
-0.00303850
-0.00337407
-0.00371463
-0.00396445
-0.00404616
-0.00391513
-0.00354723
-0.00293227
-0.00208251
-0.00105104
0.00006285
0.00114554
0.00211149
0.00292263
0.00359441
0.00418565
0.00475879
0.00533763
0.00589269
0.00635962
0.00668402
0.00686569
0.00696666
0.00708153
0.00729473
0.00762948
0.00800353
0.00824783
0.00820713
0.00785085
0.00729887
0.00673205
0.00625450
0.00582828
0.00532954
0.00464942
0.00375414
0.00269218
0.00157122
0.00052188
-0.00035120
-0.00102360
-0.00157065
-0.00212327
-0.00277879
-0.00352204
-0.00422205
-0.00471943
-0.00493910
-0.00494299
-0.00489224
-0.00495453
-0.00522500
-0.00570802
-0.00634722
-0.00706451
-0.00779020
-0.00848698
-0.00916462
-0.00987130
-0.01066084
-0.01155654
-0.01253677
-0.01355857
-0.01460347
-0.01570084
-0.01691031
-0.01829141
-0.01989174
-0.02175205
-0.02390614
-0.02636051
-0.02907837
-0.03201044
-0.03515484
-0.03857758
-0.04237709
-0.04663833
-0.05141474
-0.05673151
-0.06258435
-0.06891559
-0.07539474
-0.07952311
-0.07175175
-0.03446667
0.04576340
0.16068975
0.27679773
0.35171237
0.35926667
0.30537298
0.22368086
0.15655759
0.13370146
0.15578310
0.19245837
0.20098601
0.15471061
0.06091690
-0.04580828
-0.12966993
-0.17538054
-0.18845180
-0.18301746
-0.17238675
-0.16458692
-0.16025263
-0.15344859
-0.13647402
-0.10648173
-0.06902442
-0.03520742
-0.01447322
-0.00892603
-0.01337714
-0.02017741
-0.02460924
-0.02703462
-0.03066888
-0.03723005
-0.04464285
-0.04884751
-0.04733179
-0.04076043
-0.03181631
-0.02314922
-0.01653981
-0.01315985
-0.01345702
-0.01645109
-0.01966805
-0.02054684
-0.01822853
-0.01375914
-0.00860047
-0.00331083
0.00258180
0.01015976
0.02056171
0.03423799
0.05030550
0.06627730
0.07857025
0.08420385
0.08269086
0.07617677
0.06767950
0.05917224
0.05089340
0.04218375
0.03297585
0.02439979
0.01796151
0.01422689
0.01224071
0.01010444
0.00605462
-0.00096454
-0.01136116
-0.02508952
-0.04156890
-0.05917188
-0.07481765
-0.08474729
-0.08640961
-0.08002514
-0.06843476
-0.05516077
-0.04213886
-0.02916910
-0.01545566
-0.00121831
0.01261885
0.02648221
0.04286780
0.06319146
0.08414685
0.09872367
0.10133096
0.09221888
0.07746182
0.06445119
0.05709414
0.05521593
0.05668076
0.05829624
0.05606945
0.04704061
0.03180655
0.01508242
0.00325685
0.00029540
0.00463900
0.00984348
0.00934401
0.00147525
-0.00959491
-0.01699618
-0.01534732
-0.00356559
0.01509889
0.03552123
0.05315243
0.06514355
0.07080050
0.06951258
0.05365363
0.00538562
-0.08954700
-0.22092620
-0.35058095
-0.43257062
-0.44119757
-0.38542613
-0.29735092
-0.20608485
-0.12405894
-0.05286152
0.00738207
0.05514011
0.08877764
0.10837531
0.11648062
0.11706876
0.11369637
0.10865810
0.10348890
0.09989512
0.09912569
0.09783075
0.08434057
0.04511435
-0.01991891
-0.09008421
-0.13494524
-0.13483466
-0.09385972
-0.03402035
0.02398934
0.07281598
0.11341333
0.14531121
0.16445721
0.16747609
0.15582715
0.13534739
0.11193129
0.08850538
0.06588539
0.04446838
0.02438318
0.00547065
-0.01180907
-0.02554101
-0.03299255
-0.03277146
-0.02677803
-0.02012409
-0.01899804
-0.02747352
-0.04458156
-0.06392386
-0.07680645
-0.07688887
-0.06352192
-0.04158866
-0.01754852
0.00454182
0.02307375
0.03675046
0.04390142
0.04335777
0.03551369
0.02284374
0.00916079
-0.00219014
-0.00968028
-0.01365115
-0.01536526
-0.01566284
-0.01425677
-0.01033826
-0.00387703
0.00367392
0.01004474
0.01373910
0.01504829
0.01531974
0.01544785
0.01544013
0.01502731
0.01412094
0.01269813
0.01045856
0.00684096
0.00171698
-0.00410470
-0.00946947
-0.01381858
-0.01732166
-0.02026402
-0.02264786
-0.02438548
-0.02549254
-0.02580999
-0.02472733
-0.02155362
-0.01633388
-0.01040547
-0.00609038
-0.00552800
-0.00933971
-0.01600846
-0.02250067
-0.02578015
-0.02424693
-0.01826127
-0.00956514
-0.00023227
0.00802583
0.01402913
0.01718053
0.01757797
0.01597571
0.01346243
0.01099714
0.00910091
0.00789988
0.00738382
0.00761693
0.00878319
0.01100441
0.01404504
0.01722408
0.01963538
0.02048861
0.01940452
0.01657034
0.01268468
0.00877727
0.00597701
0.00511751
0.00626957
0.00858575
0.01071380
0.01160289
0.01111234
0.00986939
0.00853505
0.00725252
0.00573330
0.00373503
0.00139151
-0.00090398
-0.00278886
-0.00398111
