0.00002610
0.00013024
0.00020607
0.00014069
0.00000025
-0.00006072
0.00010291
0.00055162
0.00117978
0.00170542
0.00180088
0.00130640
0.00036693
-0.00062314
-0.00125628
-0.00134887
-0.00099644
-0.00046948
-0.00007652
-0.00002524
-0.00029471
-0.00061149
-0.00060251
-0.00005457
0.00091133
0.00190568
0.00252808
0.00261240
0.00230703
0.00196418
0.00191161
0.00225481
0.00282493
0.00329069
0.00337187
0.00300886
0.00236295
0.00168792
0.00119513
0.00096629
0.00092205
0.00086854
0.00062749
0.00017265
-0.00035081
-0.00074535
-0.00090125
-0.00083582
-0.00062287
-0.00031355
0.00006468
0.00046968
0.00084697
0.00116364
0.00142032
0.00163042
0.00179860
0.00192757
0.00203553
0.00214677
0.00225899
0.00232330
0.00226314
0.00203305
0.00167933
0.00134553
0.00121090
0.00139652
0.00189449
0.00258204
0.00331606
0.00402138
0.00470828
0.00542822
0.00620717
0.00700078
0.00770115
0.00818082
0.00833974
0.00813370
0.00758254
0.00677641
0.00587311
0.00504771
0.00440295
0.00390802
0.00341671
0.00276084
0.00185944
0.00075654
-0.00044251
-0.00167272
-0.00296548
-0.00442376
-0.00613744
-0.00809890
-0.01018764
-0.01224175
-0.01415764
-0.01593541
-0.01764225
-0.01934581
-0.02108006
-0.02285090
-0.02465455
-0.02649177
-0.02837359
-0.03032055
-0.03236308
-0.03454393
-0.03691822
-0.03954063
-0.04244267
-0.04562458
-0.04907246
-0.05278386
-0.05678589
-0.06113215
-0.06588316
-0.07106309
-0.07617702
-0.07734828
-0.06252603
-0.01431538
0.07418668
0.18513760
0.28030157
0.32245157
0.29807802
0.22390974
0.13144349
0.04546765
-0.02345294
-0.07375681
-0.10694043
-0.12341722
-0.11813714
-0.08239605
-0.01614062
0.06221747
0.12201600
0.13839020
0.10779656
0.04893523
-0.01229760
-0.05931543
-0.08784257
-0.09976319
-0.09903155
-0.09058338
-0.07887109
-0.06629959
-0.05347463
-0.04091379
-0.03058486
-0.02606970
-0.03044848
-0.04304237
-0.05836595
-0.06888016
-0.06944056
-0.06006268
-0.04506132
-0.02942505
-0.01596178
-0.00546235
0.00206635
0.00723497
0.01129544
0.01517014
0.01834444
0.01921941
0.01689420
0.01263678
0.00963649
0.01117367
0.01855919
0.03038326
0.04344270
0.05423614
0.06014609
0.06037895
0.05628711
0.05044694
0.04506398
0.04087808
0.03711124
0.03243586
0.02632489
0.01958253
0.01355299
0.00888583
0.00497515
0.00039631
-0.00617436
-0.01534165
-0.02670875
-0.03862824
-0.04841697
-0.05339489
-0.05224917
-0.04583132
-0.03659796
-0.02693160
-0.01793851
-0.00973324
-0.00229521
0.00421976
0.00978461
0.01470376
0.01922456
0.02305198
0.02565513
0.02711974
0.02845778
0.03099217
0.03544008
0.04171543
0.04990329
0.06086324
0.07467552
0.08848203
0.09677875
0.09459990
0.08114189
0.06077211
0.04033030
0.02507284
0.01665255
0.01354598
0.01247164
0.01027132
0.00578501
0.00056469
-0.00224579
-0.00032202
0.00573559
0.01228183
0.01488261
0.01125924
0.00192767
-0.01308460
-0.03862249
-0.08285349
-0.14779140
-0.22137520
-0.28091303
-0.30623120
-0.29191686
-0.24866903
-0.19317576
-0.13711466
-0.08508579
-0.03868304
0.00069194
0.03150424
0.05256030
0.06375879
0.06662380
0.06410451
0.05981898
0.05698926
0.05742623
0.06124264
0.06721777
0.07326970
0.07721260
0.07782475
0.07541789
0.07135782
0.06700835
0.06315840
0.06038221
0.05896521
0.05651787
0.04627258
0.02182806
-0.01456708
-0.04986886
-0.06766012
-0.05946652
-0.03094268
0.00284901
0.02871084
0.04189656
0.04425453
0.03964509
0.03140250
0.02207888
0.01383436
0.00822121
0.00537585
0.00352221
-0.00041954
-0.00914207
-0.02291833
-0.03855515
-0.05051216
-0.05375233
-0.04640802
-0.03058485
-0.01100303
0.00748706
0.02175849
0.03066227
0.03436715
0.03377405
0.03023994
0.02545768
0.02115780
0.01847628
0.01754397
0.01778376
0.01858821
0.01975432
0.02124829
0.02249864
0.02217724
0.01904746
0.01310109
0.00580762
-0.00075314
-0.00511598
-0.00700442
-0.00684684
-0.00492733
-0.00134954
0.00324841
0.00744399
0.00973974
0.00961077
0.00786148
0.00571996
0.00341688
-0.00012448
-0.00606667
-0.01424914
-0.02292270
-0.02972527
-0.03298728
-0.03247779
-0.02917079
-0.02448926
-0.01996403
-0.01710564
-0.01688710
-0.01917862
-0.02267507
-0.02536623
-0.02542205
-0.02206522
-0.01579978
-0.00803265
-0.00045761
0.00557395
0.00943412
0.01123760
0.01157666
0.01114031
0.01043856
0.00973196
0.00910265
0.00855027
0.00807067
0.00775663
0.00784608
0.00857775
0.00991955
0.01145119
0.01256482
0.01283659
0.01229234
0.01138029
0.01072298
0.01085878
0.01202566
0.01400290
0.01612260
0.01752124
0.01755213
0.01608929
0.01347119
0.01017480
0.00656496
0.00286903
-0.00077396
-0.00425386
-0.00731908
-0.00942464
-0.00987299
-0.00821046
-0.00460665
0.00005685
0.00453233
0.00773531
0.00905917
0.00846010
0.00642479
0.00378079
0.00139597
-0.00010621
