0.00000977
0.00006660
0.00017105
0.00019528
-0.00003628
-0.00057798
-0.00132487
-0.00210737
-0.00278031
-0.00325500
-0.00352243
-0.00365437
-0.00373115
-0.00374298
-0.00357323
-0.00310909
-0.00241746
-0.00183606
-0.00183198
-0.00266492
-0.00411831
-0.00555548
-0.00631616
-0.00616175
-0.00539123
-0.00454784
-0.00401627
-0.00384580
-0.00384663
-0.00379425
-0.00358636
-0.00329063
-0.00309763
-0.00320548
-0.00368326
-0.00440275
-0.00509194
-0.00547174
-0.00537419
-0.00478405
-0.00382564
-0.00270990
-0.00165348
-0.00080783
-0.00021671
0.00019996
0.00061516
0.00120810
0.00206606
0.00310874
0.00409053
0.00474247
0.00493758
0.00467214
0.00391680
0.00262183
0.00092776
-0.00070355
-0.00169312
-0.00179319
-0.00133628
-0.00095323
-0.00101418
-0.00137069
-0.00160282
-0.00145607
-0.00105293
-0.00072710
-0.00070755
-0.00096480
-0.00126730
-0.00131869
-0.00087398
0.00020040
0.00188908
0.00398261
0.00610749
0.00790445
0.00923968
0.01023524
0.01104538
0.01157660
0.01144700
0.01024798
0.00786717
0.00460191
0.00102762
-0.00221298
-0.00456334
-0.00566672
-0.00549488
-0.00443409
-0.00318893
-0.00246373
-0.00261273
-0.00352866
-0.00481640
-0.00605433
-0.00695233
-0.00738975
-0.00742882
-0.00733440
-0.00749117
-0.00814931
-0.00919065
-0.01018089
-0.01068982
-0.01060752
-0.01021574
-0.00998331
-0.01025840
-0.01107833
-0.01219637
-0.01326857
-0.01406697
-0.01460361
-0.01511281
-0.01590866
-0.01721849
-0.01910394
-0.02147397
-0.02413726
-0.02687264
-0.02950240
-0.03195158
-0.03429291
-0.03675348
-0.03962887
-0.04312186
-0.04722189
-0.05173238
-0.05644532
-0.06132679
-0.06651637
-0.07199662
-0.07613787
-0.07249907
-0.04945814
0.00179138
0.07679910
0.15651614
0.21735478
0.24589503
0.24947703
0.25287147
0.27775833
0.32180595
0.35822500
0.35515524
0.29857455
0.20272691
0.09983861
0.01720809
-0.03640510
-0.06623976
-0.08155561
-0.09019251
-0.09669005
-0.10212960
-0.10541427
-0.10521562
-0.10150644
-0.09602755
-0.09149678
-0.08997862
-0.09159158
-0.09446246
-0.09568166
-0.09272358
-0.08501313
-0.07467816
-0.06537300
-0.06002899
-0.05961123
-0.06327462
-0.06923209
-0.07599130
-0.08318661
-0.09118364
-0.09986090
-0.10707340
-0.10724941
-0.09266009
-0.05836921
-0.00664750
0.05284441
0.10602039
0.13870760
0.14164156
0.11417946
0.06506835
0.00955278
-0.03737795
-0.06792406
-0.08275747
-0.08650278
-0.08313529
-0.07507529
-0.06456600
-0.05420904
-0.04584992
-0.03993390
-0.03658077
-0.03645874
-0.03996857
-0.04604564
-0.05213453
-0.05541614
-0.05434313
-0.04907871
-0.04062472
-0.03010678
-0.01881037
-0.00707828
0.00964544
0.04269390
0.10189105
0.18173455
0.25779173
0.30041539
0.29640210
0.26033762
0.22279625
0.20378116
0.19744386
0.18132745
0.13642992
0.05998154
-0.03379184
-0.12133515
-0.18065193
-0.20008931
-0.18232488
-0.14406769
-0.11159902
-0.11074783
-0.15272816
-0.22437009
-0.29241774
-0.32201274
-0.29818368
-0.23474600
-0.16176407
-0.10176477
-0.05739048
-0.01865851
0.02256795
0.06482204
0.10008688
0.12232186
0.13240481
0.13583395
0.13751351
0.13885537
0.13849764
0.13484063
0.12710872
0.11432134
0.09572347
0.07362483
0.05439439
0.04522934
0.04948669
0.06450379
0.08361885
0.10068083
0.11357220
0.12525968
0.14219172
0.16932476
0.20428405
0.23651374
0.25383422
0.25161464
0.23429881
0.20109409
0.12814679
-0.02236926
-0.26456020
-0.56070887
-0.82949334
-0.98406644
-0.97732155
-0.82354393
-0.58107159
-0.31894588
-0.09407399
0.06056185
0.13958071
0.15931128
0.14708677
0.13033615
0.12677813
0.13918962
0.15821114
0.17182100
0.17449900
0.16864779
0.15922210
0.14901358
0.13816146
0.12585151
0.11166358
0.09587345
0.07908598
0.06184782
0.04484027
0.02965825
0.01954171
0.01919538
0.03295241
0.06154246
0.09982336
0.13816476
0.16691394
0.18051832
0.17844640
0.16309327
0.13772250
0.10648665
0.07462276
0.04648046
0.02310616
0.00246605
-0.01766443
-0.03689087
-0.05233598
-0.06156068
-0.06486852
-0.06459062
-0.06292656
-0.06096167
-0.05888789
-0.05624308
-0.05210936
-0.04589934
-0.03853008
-0.03268828
-0.03136193
-0.03563925
-0.04371875
-0.05185836
-0.05640840
-0.05555750
-0.04971835
-0.04078408
-0.03110243
-0.02256046
-0.01612170
-0.01187981
-0.00929842
-0.00740369
-0.00506990
-0.00149998
0.00339995
0.00908690
0.01479513
0.01972814
0.02305594
0.02427367
0.02368810
0.02233921
0.02127054
0.02076691
0.02023894
0.01885112
0.01628594
0.01296788
0.00975958
0.00766066
0.00754522
0.00960737
0.01289557
0.01560038
0.01607916
0.01387993
0.00988838
0.00543682
0.00128819
-0.00249919
-0.00600725
-0.00905579
-0.01135814
-0.01295079
-0.01430797
-0.01591285
-0.01769963
-0.01899873
-0.01914136
-0.01820007
-0.01708860
-0.01673295
-0.01704387
-0.01674988
-0.01430746
-0.00911432
-0.00204376
0.00509682
0.01069173
0.01408201
0.01553417
