0.00001008
0.00004330
0.00004519
0.00002029
0.00010161
0.00041342
0.00097342
0.00170308
0.00249107
0.00324649
0.00391655
0.00447155
0.00486207
0.00499339
0.00476712
0.00417345
0.00335375
0.00256733
0.00206374
0.00195620
0.00219866
0.00264237
0.00308081
0.00329231
0.00312673
0.00258613
0.00181699
0.00100524
0.00025586
-0.00042375
-0.00102741
-0.00148044
-0.00168210
-0.00159385
-0.00127605
-0.00084241
-0.00038519
0.00005135
0.00044196
0.00075060
0.00093374
0.00097252
0.00091089
0.00085760
0.00092979
0.00117786
0.00154895
0.00191138
0.00212805
0.00213359
0.00195989
0.00170258
0.00146807
0.00133407
0.00131821
0.00134795
0.00127554
0.00096819
0.00040781
-0.00028830
-0.00094327
-0.00144365
-0.00181326
-0.00216132
-0.00255764
-0.00294602
-0.00313664
-0.00288961
-0.00207615
-0.00080837
0.00057795
0.00168474
0.00224596
0.00222398
0.00176487
0.00109246
0.00042045
-0.00011828
-0.00051197
-0.00082597
-0.00108624
-0.00119946
-0.00101651
-0.00051203
0.00008820
0.00037336
-0.00001512
-0.00113930
-0.00269698
-0.00417992
-0.00514333
-0.00542734
-0.00521046
-0.00485928
-0.00468559
-0.00480259
-0.00515626
-0.00564835
-0.00624312
-0.00700813
-0.00807949
-0.00957325
-0.01150180
-0.01374915
-0.01612367
-0.01846451
-0.02072688
-0.02298572
-0.02538360
-0.02807669
-0.03118919
-0.03477670
-0.03881742
-0.04324727
-0.04802840
-0.05319400
-0.05869978
-0.06299599
-0.05875082
-0.03080886
0.03398545
0.13031844
0.22952424
0.29345344
0.29715249
0.24379211
0.15959733
0.07384709
0.00408680
-0.04434586
-0.07317376
-0.08740319
-0.09263149
-0.09293659
-0.08960050
-0.07930217
-0.05314992
-0.00318110
0.06541720
0.13023187
0.16297935
0.14813193
0.09423147
0.02787459
-0.02550117
-0.05591953
-0.06724856
-0.06776134
-0.06387582
-0.05899848
-0.05483313
-0.05286431
-0.05452414
-0.06001355
-0.06752911
-0.07409898
-0.07727766
-0.07630278
-0.07193682
-0.06525522
-0.05684630
-0.04733975
-0.03792004
-0.02953827
-0.02207253
-0.01490287
-0.00804456
-0.00235593
0.00127851
0.00288220
0.00365665
0.00545728
0.00972726
0.01647846
0.02408469
0.02999567
0.03200016
0.02962645
0.02461511
0.01959298
0.01615160
0.01428487
0.01330402
0.01292549
0.01347000
0.01510440
0.01705678
0.01779594
0.01602499
0.01137379
0.00410544
-0.00565659
-0.01799457
-0.03212307
-0.04546958
-0.05435870
-0.05593289
-0.04977918
-0.03808796
-0.02421541
-0.01091526
0.00031803
0.00900690
0.01539201
0.02009677
0.02370193
0.02653888
0.02883322
0.03104197
0.03392602
0.03811653
0.04360450
0.04972731
0.05557011
0.06029404
0.06312882
0.06323892
0.06003818
0.05423803
0.04851791
0.04620832
0.04869032
0.05407510
0.05842510
0.05845428
0.05353657
0.04545546
0.03654898
0.02841844
0.02182822
0.01679254
0.01268323
0.00880334
0.00507735
0.00193332
-0.00110154
-0.00742041
-0.02445722
-0.06111811
-0.12026645
-0.19212070
-0.25645108
-0.29314820
-0.29313380
-0.26190060
-0.21342829
-0.16018652
-0.10850641
-0.06084089
-0.01890257
0.01560146
0.04148019
0.05845912
0.06722306
0.06922034
0.06629803
0.06038597
0.05349186
0.04778138
0.04518502
0.04653187
0.05091462
0.05594601
0.05903158
0.05889189
0.05614311
0.05269173
0.05073065
0.05200967
0.05733012
0.06604976
0.07596625
0.08394071
0.08637941
0.07854089
0.05499752
0.01417457
-0.03665640
-0.08233984
-0.10744685
-0.10541093
-0.08227411
-0.05134906
-0.02367599
-0.00332774
0.01050471
0.01942417
0.02353100
0.02173091
0.01341572
-0.00008748
-0.01517192
-0.02714167
-0.03238291
-0.02993607
-0.02152845
-0.01030767
0.00096748
0.01096693
0.01931019
0.02557877
0.02904923
0.02919462
0.02632296
0.02168950
0.01685733
0.01289645
0.01024827
0.00923611
0.01038532
0.01406764
0.01993907
0.02677429
0.03279554
0.03632993
0.03639534
0.03289027
0.02661526
0.01925755
0.01293053
0.00921731
0.00835559
0.00903244
0.00901810
0.00656462
0.00152073
-0.00475551
-0.01041979
-0.01431024
-0.01647857
-0.01760610
-0.01800068
-0.01750209
-0.01620280
-0.01485022
-0.01444503
-0.01546454
-0.01756440
-0.02009721
-0.02278565
-0.02570932
-0.02851195
-0.02983574
-0.02801207
-0.02244110
-0.01418922
-0.00535673
0.00206194
0.00707404
0.00983675
0.01110371
0.01160005
0.01168164
0.01124754
0.00995017
0.00769669
0.00499907
0.00276695
0.00176688
0.00220902
0.00365554
0.00526898
0.00625889
0.00622164
0.00522352
0.00367392
0.00208680
0.00091564
0.00060369
0.00162516
0.00423318
0.00812704
0.01243254
0.01605822
0.01818911
0.01857527
0.01743380
0.01517726
0.01227372
0.00919026
0.00625216
0.00354330
0.00103952
-0.00112578
-0.00253150
-0.00264413
-0.00121027
0.00148997
0.00475882
0.00779628
0.01000811
0.01123140
0.01178716
0.01233277
0.01355940
0.01583966
0.01903437
0.02254999
0.02554040
0.02722322
0.02726073
