0.00001297
0.00011144
0.00041393
0.00094331
0.00158223
0.00216994
0.00259813
0.00286569
0.00308584
0.00342752
0.00400869
0.00481287
0.00569346
0.00645265
0.00692820
0.00704810
0.00685864
0.00653041
0.00631185
0.00640701
0.00684860
0.00749179
0.00813694
0.00865304
0.00900978
0.00923702
0.00937305
0.00943906
0.00943489
0.00934258
0.00914122
0.00882189
0.00837934
0.00779678
0.00706871
0.00624801
0.00544066
0.00472180
0.00404688
0.00325287
0.00217007
0.00075706
-0.00085884
-0.00245007
-0.00379315
-0.00475614
-0.00534497
-0.00568830
-0.00596620
-0.00632817
-0.00685036
-0.00753373
-0.00830780
-0.00904104
-0.00959033
-0.00988116
-0.00996258
-0.00997642
-0.01004126
-0.01015365
-0.01021124
-0.01012610
-0.00990228
-0.00961385
-0.00933376
-0.00909506
-0.00890303
-0.00875568
-0.00863963
-0.00851864
-0.00835092
-0.00812962
-0.00790002
-0.00772340
-0.00760865
-0.00747488
-0.00719851
-0.00671747
-0.00609846
-0.00550601
-0.00510124
-0.00495223
-0.00502237
-0.00522861
-0.00549364
-0.00574915
-0.00593345
-0.00602017
-0.00604799
-0.00611201
-0.00631307
-0.00670031
-0.00725606
-0.00792820
-0.00866740
-0.00943546
-0.01018634
-0.01085074
-0.01135211
-0.01164139
-0.01171620
-0.01161620
-0.01140797
-0.01117582
-0.01101774
-0.01103022
-0.01128645
-0.01182873
-0.01267421
-0.01381600
-0.01521699
-0.01681322
-0.01854008
-0.02038003
-0.02240772
-0.02478387
-0.02768010
-0.03118969
-0.03529111
-0.03988142
-0.04485450
-0.05017582
-0.05589038
-0.06183479
-0.06553556
-0.05721976
-0.01923564
0.06098722
0.17350013
0.28349590
0.34911998
0.34660767
0.28388491
0.19118547
0.09837364
0.02232094
-0.02747822
-0.04085045
-0.01298176
0.04268379
0.09484697
0.11188003
0.08218173
0.02123488
-0.04179432
-0.08683513
-0.11224667
-0.12549722
-0.13167684
-0.13077277
-0.12102386
-0.10291901
-0.08048012
-0.05905155
-0.04220540
-0.03106598
-0.02565333
-0.02572276
-0.03072373
-0.03961459
-0.05040281
-0.05990157
-0.06471527
-0.06290856
-0.05488769
-0.04303015
-0.03029747
-0.01871752
-0.00922056
-0.00253513
0.00062538
0.00038906
-0.00183786
-0.00426643
-0.00597627
-0.00707363
-0.00776981
-0.00736493
-0.00402292
0.00423594
0.01786512
0.03496314
0.05205647
0.06568478
0.07380489
0.07632057
0.07432797
0.06889466
0.06076760
0.05089938
0.04059072
0.03099571
0.02255330
0.01494247
0.00784360
0.00176771
-0.00211723
-0.00324313
-0.00300069
-0.00475754
-0.01186336
-0.02498129
-0.04101636
-0.05457559
-0.06109171
-0.05946423
-0.05210660
-0.04258998
-0.03323070
-0.02445724
-0.01587036
-0.00750837
0.00002168
0.00635807
0.01179808
0.01670411
0.02088730
0.02424550
0.02846694
0.03726686
0.05333119
0.07477390
0.09520989
0.10766387
0.10898168
0.10107261
0.08809145
0.07289762
0.05660359
0.04015544
0.02496819
0.01260330
0.00441941
0.00112906
0.00236898
0.00657966
0.01118220
0.01321375
0.01072416
0.00426360
-0.00315428
-0.00789560
-0.00769150
-0.00242036
0.00620169
0.01483390
0.01621204
-0.00353611
-0.05843062
-0.14761569
-0.24819969
-0.32562820
-0.35392018
-0.33052884
-0.27401895
-0.20724492
-0.14352374
-0.08633045
-0.03540377
0.00930623
0.04677505
0.07544742
0.09412906
0.10271999
0.10251404
0.09612469
0.08721670
0.07991934
0.07751930
0.08068736
0.08680456
0.09154036
0.09158228
0.08568474
0.07174554
0.04365957
-0.00372357
-0.06375858
-0.11494272
-0.13209357
-0.10369267
-0.04116316
0.02887520
0.08300874
0.11269290
0.12171101
0.11757688
0.10586406
0.08957355
0.07076018
0.05117041
0.03195494
0.01401962
-0.00125288
-0.01206875
-0.01723197
-0.01739455
-0.01548080
-0.01568609
-0.02148336
-0.03342469
-0.04806702
-0.05942438
-0.06235476
-0.05549263
-0.04165402
-0.02542831
-0.01004078
0.00368472
0.01595539
0.02647675
0.03434552
0.03880716
0.03970871
0.03742184
0.03248653
0.02529165
0.01635319
0.00706852
-0.00019046
-0.00320393
-0.00141336
0.00340913
0.00800377
0.00961689
0.00768510
0.00384579
0.00050444
-0.00056429
0.00130482
0.00592506
0.01254681
0.01960547
0.02455184
0.02478560
0.01925912
0.00926993
-0.00223513
-0.01233370
-0.01956295
-0.02407853
-0.02680161
-0.02849633
-0.02936752
-0.02910178
-0.02709798
-0.02294751
-0.01709543
-0.01112135
-0.00714570
-0.00673379
-0.00999261
-0.01535516
-0.02031786
-0.02271989
-0.02169007
-0.01770312
-0.01195320
-0.00563402
0.00045655
0.00585443
0.01017035
0.01301432
0.01412173
0.01348377
0.01141767
0.00857202
0.00577414
0.00376083
0.00303095
0.00384835
0.00622241
0.00982012
0.01389866
0.01741828
0.01942061
0.01948412
0.01792223
0.01562100
0.01367348
0.01293433
0.01362554
0.01519736
0.01655706
0.01662119
0.01491316
0.01180007
0.00821901
0.00513432
0.00308791
0.00206032
0.00166823
0.00153117
0.00155537
0.00197878
0.00319033
0.00547121
0.00878077
0.01262718
0.01607199
0.01798611
