-0.00001242
-0.00019839
-0.00104040
-0.00286971
-0.00548145
-0.00830151
-0.01066331
-0.01202470
-0.01213388
-0.01113949
-0.00953841
-0.00793034
-0.00673191
-0.00602926
-0.00565714
-0.00542435
-0.00528487
-0.00530439
-0.00549934
-0.00574332
-0.00582661
-0.00559324
-0.00502673
-0.00421882
-0.00328643
-0.00234148
-0.00149450
-0.00082753
-0.00035738
-0.00003619
0.00020229
0.00039413
0.00055796
0.00075181
0.00107906
0.00163295
0.00245327
0.00350506
0.00466565
0.00575108
0.00658193
0.00704767
0.00714654
0.00697104
0.00663885
0.00624232
0.00583702
0.00543083
0.00499071
0.00448325
0.00390835
0.00330094
0.00270352
0.00212129
0.00151766
0.00086996
0.00020060
-0.00045796
-0.00110087
-0.00175004
-0.00244217
-0.00320816
-0.00402940
-0.00482346
-0.00550573
-0.00607125
-0.00660807
-0.00722216
-0.00793869
-0.00866683
-0.00926300
-0.00963155
-0.00976283
-0.00970458
-0.00953809
-0.00937083
-0.00930432
-0.00938726
-0.00960279
-0.00988865
-0.01014799
-0.01025929
-0.01012586
-0.00973256
-0.00915490
-0.00852443
-0.00797348
-0.00758309
-0.00736453
-0.00725660
-0.00711348
-0.00675245
-0.00608171
-0.00516796
-0.00415285
-0.00312837
-0.00214191
-0.00132794
-0.00098919
-0.00148675
-0.00299359
-0.00533370
-0.00806787
-0.01074668
-0.01309640
-0.01502805
-0.01655902
-0.01773539
-0.01858779
-0.01914325
-0.01946703
-0.01967777
-0.01991905
-0.02029768
-0.02081447
-0.02135347
-0.02176247
-0.02196595
-0.02202718
-0.02212415
-0.02246372
-0.02318403
-0.02429788
-0.02572257
-0.02738280
-0.02930618
-0.03164264
-0.03459856
-0.03832186
-0.04281142
-0.04791952
-0.05342541
-0.05910670
-0.06473060
-0.06928814
-0.06796075
-0.04956124
-0.00241556
0.07279216
0.15726023
0.22305063
0.25000000
0.23779005
0.20333437
0.16605179
0.13692140
0.12032253
0.11902518
0.13244877
0.15251527
0.16526159
0.15846774
0.12934737
0.08605607
0.04111092
0.00277405
-0.02721214
-0.04994368
-0.06610700
-0.07564328
-0.07879703
-0.07690391
-0.07216330
-0.06663643
-0.06157383
-0.05762452
-0.05521662
-0.05446888
-0.05498043
-0.05602965
-0.05698165
-0.05742576
-0.05714362
-0.05614170
-0.05461524
-0.05291453
-0.05150418
-0.05057806
-0.04972342
-0.04841487
-0.04689077
-0.04623807
-0.04747326
-0.05028089
-0.05243819
-0.05044917
-0.04067287
-0.02080470
0.00799766
0.03987614
0.06590214
0.07817119
0.07397471
0.05750458
0.03756229
0.02244556
0.01518389
0.01212284
0.00632809
-0.00643626
-0.02415385
-0.04036423
-0.04949593
-0.05098794
-0.04873351
-0.04710803
-0.04810913
-0.05168318
-0.05702967
-0.06289124
-0.06742943
-0.06878618
-0.06606752
-0.05987077
-0.05195323
-0.04427952
-0.03807153
-0.03339774
-0.02902326
-0.02050844
0.00364024
0.06011232
0.15810962
0.28628018
0.41214935
0.49486655
0.50464396
0.43804781
0.31780311
0.17918144
0.05490081
-0.03665535
-0.09699008
-0.14051489
-0.17938120
-0.21396559
-0.23498041
-0.23263338
-0.20594811
-0.16740399
-0.14027431
-0.14781234
-0.19863562
-0.27803262
-0.35219003
-0.38472059
-0.35689923
-0.27685980
-0.17027816
-0.06318358
0.02879854
0.10160584
0.15711206
0.19573442
0.21409235
0.20920961
0.18334162
0.14442762
0.10315295
0.06916900
0.04765447
0.03818449
0.03708727
0.04089814
0.04828117
0.06025594
0.07872698
0.10365349
0.13131271
0.15550024
0.17081803
0.17620292
0.17652441
0.18028488
0.19379497
0.21403279
0.22485610
0.20384374
0.13757859
0.02880546
-0.11343562
-0.28357870
-0.46996537
-0.63762336
-0.73132691
-0.70666465
-0.56566959
-0.36222763
-0.16716266
-0.02483157
0.05960035
0.10236200
0.12060706
0.12443694
0.11791265
0.10245011
0.07946676
0.05158079
0.02301402
-0.00032699
-0.01178780
-0.00620435
0.01740812
0.05382041
0.09198592
0.11927344
0.12743758
0.11582923
0.09021965
0.05941117
0.03195618
0.01396594
0.00855917
0.01682073
0.03882914
0.07332177
0.11597183
0.15806705
0.18822882
0.19759712
0.18477173
0.15588368
0.11985190
0.08362781
0.05111872
0.02450152
0.00479969
-0.00847948
-0.01686103
-0.02135604
-0.02170691
-0.01764487
-0.01068668
-0.00397935
0.00001385
0.00117531
0.00063300
-0.00128790
-0.00522763
-0.01154448
-0.01984098
-0.02935173
-0.03907208
-0.04746395
-0.05245820
-0.05246376
-0.04796049
-0.04201068
-0.03873869
-0.04093502
-0.04838754
-0.05768155
-0.06377423
-0.06267359
-0.05345354
-0.03842453
-0.02179478
-0.00789478
0.00021763
0.00161583
-0.00204140
-0.00687509
-0.00860853
-0.00506843
0.00269338
0.01153911
0.01837182
0.02160619
0.02142698
0.01911517
0.01611608
0.01348115
0.01173264
0.01091701
0.01077631
0.01093663
0.01102621
0.01079686
0.01029349
0.00998871
0.01066521
0.01283880
0.01604746
0.01877327
0.01921535
0.01639768
0.01088917
0.00446694
-0.00114272
-0.00520898
-0.00783815
-0.00933371
-0.00989743
-0.00972434
-0.00917273
-0.00868227
-0.00839477
-0.00799634
-0.00711897
-0.00583216
-0.00464663
