0.00006975
0.00041613
0.00102476
0.00181204
0.00289347
0.00438566
0.00620231
0.00802873
0.00946200
0.01021193
0.01023408
0.00972193
0.00895774
0.00816202
0.00744302
0.00681212
0.00621037
0.00557043
0.00490443
0.00432608
0.00395779
0.00381138
0.00374704
0.00353313
0.00298281
0.00208620
0.00103458
0.00012403
-0.00040002
-0.00047847
-0.00025176
0.00008013
0.00041532
0.00077706
0.00121935
0.00172537
0.00218874
0.00247781
0.00251097
0.00228323
0.00185282
0.00132515
0.00083053
0.00047919
0.00031691
0.00031327
0.00039325
0.00049911
0.00063081
0.00082624
0.00111499
0.00149529
0.00193989
0.00240780
0.00284142
0.00316013
0.00327354
0.00309040
0.00249649
0.00137524
-0.00027198
-0.00221716
-0.00403764
-0.00528579
-0.00570038
-0.00531992
-0.00441020
-0.00329719
-0.00225310
-0.00144119
-0.00088921
-0.00052303
-0.00024852
-0.00002331
0.00012088
0.00012121
-0.00003634
-0.00027254
-0.00045564
-0.00049728
-0.00042430
-0.00036503
-0.00045993
-0.00077848
-0.00130935
-0.00201041
-0.00285238
-0.00381524
-0.00486338
-0.00594690
-0.00703240
-0.00811868
-0.00922000
-0.01035636
-0.01156517
-0.01289313
-0.01435845
-0.01593429
-0.01758221
-0.01931422
-0.02123383
-0.02350334
-0.02625534
-0.02954034
-0.03334724
-0.03764568
-0.04241629
-0.04768579
-0.05351132
-0.05927230
-0.06083849
-0.04783944
-0.00850113
0.05795349
0.13377826
0.18960737
0.20204677
0.16884621
0.10897356
0.04760293
0.00090469
-0.02749355
-0.04153656
-0.04717196
-0.04928791
-0.05056192
-0.05124354
-0.04986072
-0.04480737
-0.03597580
-0.02552715
-0.01746864
-0.01587468
-0.02212848
-0.03240263
-0.03672958
-0.02282152
0.01431608
0.06515704
0.10956872
0.12916367
0.11821410
0.08539369
0.04538959
0.00875963
-0.02047379
-0.04125866
-0.05316313
-0.05676820
-0.05433766
-0.04908507
-0.04345434
-0.03824735
-0.03344040
-0.02932365
-0.02646801
-0.02488226
-0.02368962
-0.02174812
-0.01844745
-0.01386671
-0.00829944
-0.00172324
0.00621874
0.01551815
0.02498921
0.03235759
0.03539592
0.03322137
0.02682444
0.01851800
0.01064037
0.00444094
0.00004914
-0.00274975
-0.00399449
-0.00360618
-0.00162894
0.00149109
0.00471951
0.00670892
0.00647470
0.00397025
0.00010024
-0.00388188
-0.00702394
-0.00881861
-0.00895361
-0.00715613
-0.00338670
0.00179993
0.00721569
0.01163015
0.01454532
0.01641885
0.01819954
0.02066422
0.02404666
0.02809550
0.03242606
0.03675548
0.04079180
0.04410193
0.04616828
0.04646091
0.04449591
0.04008913
0.03359752
0.02596561
0.01846459
0.01224402
0.00797594
0.00579147
0.00540679
0.00629970
0.00792901
0.00988864
0.01187351
0.01370995
0.01582929
0.01960452
0.02643864
0.03608576
0.04587898
0.05145219
0.04857624
0.03517716
0.01153899
-0.02129042
-0.06176373
-0.10610794
-0.14744704
-0.17729342
-0.18881818
-0.18038735
-0.15648192
-0.12473213
-0.09206724
-0.06305045
-0.04003471
-0.02364082
-0.01313554
-0.00679776
-0.00242958
0.00181581
0.00674503
0.01224220
0.01790067
0.02343553
0.02872749
0.03362152
0.03766119
0.04007994
0.04013968
0.03766290
0.03339082
0.02863306
0.02448127
0.02155023
0.02030950
0.02123391
0.02446370
0.02926704
0.03382629
0.03588811
0.03405150
0.02856067
0.02093085
0.01293662
0.00580716
-0.00005612
-0.00486614
-0.00893230
-0.01255924
-0.01720547
-0.02667668
-0.04522816
-0.07279927
-0.10233043
-0.12272895
-0.12560536
-0.11048816
-0.08413656
-0.05484878
-0.02778123
-0.00493582
0.01273943
0.02457246
0.03079173
0.03284631
0.03264015
0.03142837
0.02943721
0.02637437
0.02217635
0.01733351
0.01270864
0.00923059
0.00765540
0.00828678
0.01074848
0.01405979
0.01704468
0.01887297
0.01941477
0.01918320
0.01900328
0.01965684
0.02157320
0.02465270
0.02831666
0.03178044
0.03444942
0.03613454
0.03679587
0.03610419
0.03346782
0.02849577
0.02141091
0.01319292
0.00533315
-0.00076992
-0.00438460
-0.00562866
-0.00529254
-0.00438724
-0.00365871
-0.00352256
-0.00428683
-0.00613253
-0.00880992
-0.01146088
-0.01297868
-0.01285240
-0.01168783
-0.01071324
-0.01080569
-0.01200252
-0.01366351
-0.01499972
-0.01555513
-0.01526519
-0.01423267
-0.01258976
-0.01049930
-0.00814836
-0.00574283
-0.00348911
-0.00149781
0.00028826
0.00203303
0.00381535
0.00545219
0.00652387
0.00665125
0.00585762
0.00472234
0.00418781
0.00509003
0.00763408
0.01115973
0.01439316
0.01605104
0.01547492
0.01294503
0.00944831
0.00606194
0.00342282
0.00157908
0.00017362
-0.00119414
-0.00260975
-0.00373105
-0.00400043
-0.00302586
-0.00090535
0.00173128
0.00400592
0.00515464
0.00478888
0.00306683
0.00068992
-0.00136355
-0.00226725
-0.00173527
-0.00010054
0.00202396
0.00417062
0.00614480
0.00789879
0.00942573
0.01076617
0.01201157
0.01320937
0.01424465
0.01486248
0.01486117
0.01426063
0.01324341
0.01200137
0.01074741
