0.00003847
0.00020918
0.00039455
0.00035834
0.00006763
-0.00025487
-0.00031207
0.00002604
0.00064198
0.00127756
0.00168909
0.00174689
0.00144111
0.00084509
0.00010882
-0.00054013
-0.00087083
-0.00077595
-0.00033520
0.00024665
0.00076814
0.00112550
0.00132440
0.00142943
0.00149557
0.00152527
0.00147061
0.00126201
0.00085456
0.00028336
-0.00031337
-0.00073311
-0.00080019
-0.00046662
0.00013702
0.00075295
0.00113605
0.00118225
0.00094696
0.00056166
0.00015167
-0.00017121
-0.00027032
-0.00000890
0.00062331
0.00142119
0.00205270
0.00226648
0.00203831
0.00154114
0.00098390
0.00047810
0.00001781
-0.00048356
-0.00112752
-0.00192566
-0.00272565
-0.00325352
-0.00327774
-0.00280248
-0.00214691
-0.00182014
-0.00222935
-0.00339149
-0.00485792
-0.00594332
-0.00613194
-0.00538315
-0.00411879
-0.00292394
-0.00221858
-0.00210633
-0.00240363
-0.00278726
-0.00299569
-0.00298138
-0.00291644
-0.00304135
-0.00347235
-0.00412015
-0.00476497
-0.00519822
-0.00531756
-0.00514730
-0.00483053
-0.00460040
-0.00465730
-0.00499005
-0.00533502
-0.00533104
-0.00473653
-0.00357496
-0.00211984
-0.00071820
0.00039313
0.00113437
0.00149982
0.00140758
0.00063051
-0.00102200
-0.00339567
-0.00590412
-0.00781502
-0.00869414
-0.00861746
-0.00797884
-0.00717956
-0.00654861
-0.00639274
-0.00692791
-0.00813578
-0.00973083
-0.01132347
-0.01268123
-0.01384212
-0.01495384
-0.01602522
-0.01685550
-0.01717299
-0.01685192
-0.01611494
-0.01559922
-0.01614014
-0.01837133
-0.02244459
-0.02801381
-0.03442994
-0.04103552
-0.04737366
-0.05322782
-0.05861084
-0.06374796
-0.06897629
-0.07458272
-0.08060238
-0.08590764
-0.08550251
-0.06900024
-0.02624963
0.04253988
0.12304963
0.19603150
0.25482986
0.31214124
0.38094886
0.44917374
0.48094928
0.44467743
0.34017997
0.20159324
0.07319709
-0.01906455
-0.07369256
-0.10084848
-0.11126791
-0.11313920
-0.11205311
-0.11097969
-0.11033652
-0.10893278
-0.10571916
-0.10134689
-0.09832022
-0.09912676
-0.10371772
-0.10887590
-0.11006597
-0.10424011
-0.09180499
-0.07638449
-0.06257516
-0.05373642
-0.05105008
-0.05359191
-0.05931602
-0.06657157
-0.07485853
-0.08316267
-0.08620978
-0.07370805
-0.03716876
0.01994435
0.07913231
0.11633712
0.11783405
0.08915517
0.04901821
0.01469668
-0.00735230
-0.01974521
-0.02679597
-0.02996641
-0.02915329
-0.02585576
-0.02336015
-0.02406378
-0.02758662
-0.03155989
-0.03398465
-0.03495590
-0.03606990
-0.03821805
-0.04024231
-0.03969432
-0.03479972
-0.02603370
-0.01618542
-0.00878600
-0.00581032
-0.00602101
-0.00355383
0.01287074
0.05451068
0.12072186
0.19306510
0.24383480
0.25279498
0.21979312
0.16368503
0.10836453
0.07034147
0.05709918
0.06657255
0.08290220
0.08116229
0.04489584
-0.01944182
-0.08516076
-0.12365977
-0.12462513
-0.10286529
-0.08932203
-0.11351129
-0.18377326
-0.27644440
-0.34603361
-0.35276433
-0.28865207
-0.18247635
-0.07892199
-0.01086759
0.01268778
0.00267075
-0.01966829
-0.03345114
-0.02723326
-0.00241995
0.03087383
0.06221246
0.08657116
0.10407351
0.11719518
0.12855624
0.13844037
0.14333550
0.13856533
0.12299308
0.10066720
0.07804736
0.05977883
0.04705877
0.04007404
0.04120865
0.05481404
0.08330252
0.12306252
0.16408683
0.19426018
0.20592570
0.20055427
0.18742325
0.17576761
0.16425592
0.13430412
0.05729914
-0.08377137
-0.27768833
-0.48824427
-0.67152196
-0.79289447
-0.83276930
-0.78312799
-0.64880040
-0.45558106
-0.24785821
-0.06886852
0.06015624
0.14387175
0.19843096
0.23492613
0.25516196
0.25786486
0.24518192
0.22353924
0.20027401
0.18030175
0.16490906
0.15241934
0.14003197
0.12596553
0.11046665
0.09493646
0.08030764
0.06647456
0.05318515
0.04141774
0.03439031
0.03701684
0.05256953
0.07870316
0.10730509
0.12904599
0.13905574
0.13924573
0.13507074
0.12975117
0.12194644
0.10825248
0.08628198
0.05554499
0.01762870
-0.02285522
-0.05816523
-0.08048548
-0.08697245
-0.08216417
-0.07469588
-0.07096920
-0.07161522
-0.07333920
-0.07317422
-0.07052805
-0.06602679
-0.05999352
-0.05253571
-0.04429414
-0.03643300
-0.02978917
-0.02427112
-0.01939891
-0.01526303
-0.01248045
-0.01126273
-0.01103180
-0.01100149
-0.01078227
-0.01031121
-0.00933210
-0.00721472
-0.00367697
0.00044456
0.00384992
0.00636089
0.00930574
0.01406646
0.02032028
0.02578098
0.02791239
0.02602568
0.02166252
0.01714898
0.01404297
0.01272922
0.01288969
0.01402336
0.01562981
0.01722771
0.01836286
0.01850101
0.01696828
0.01326490
0.00757642
0.00095920
-0.00507119
-0.00934119
-0.01159611
-0.01237690
-0.01239535
-0.01202633
-0.01134478
-0.01053403
-0.01009517
-0.01061373
-0.01237304
-0.01523462
-0.01884337
-0.02272093
-0.02602377
-0.02743282
-0.02566724
-0.02035869
-0.01248370
-0.00385134
0.00389948
0.00981260
0.01346195
0.01477726
0.01412740
0.01232840
0.01033491
0.00883741
