0.00001767
0.00016793
0.00058911
0.00095108
0.00053656
-0.00103271
-0.00348417
-0.00620342
-0.00862302
-0.01039395
-0.01144264
-0.01193138
-0.01208443
-0.01201083
-0.01165850
-0.01091644
-0.00979107
-0.00852765
-0.00754692
-0.00720084
-0.00752606
-0.00818988
-0.00867910
-0.00861722
-0.00797134
-0.00696380
-0.00581973
-0.00465078
-0.00351824
-0.00250474
-0.00171165
-0.00121637
-0.00104576
-0.00118108
-0.00155108
-0.00201143
-0.00238317
-0.00255033
-0.00252324
-0.00240627
-0.00229007
-0.00216493
-0.00194861
-0.00159461
-0.00115899
-0.00077163
-0.00055199
-0.00053245
-0.00064233
-0.00076318
-0.00080541
-0.00074101
-0.00058081
-0.00034456
-0.00006984
0.00014965
0.00016543
-0.00013588
-0.00071788
-0.00137817
-0.00186324
-0.00201009
-0.00180006
-0.00132244
-0.00072599
-0.00018947
0.00013059
0.00017259
-0.00000148
-0.00025422
-0.00047229
-0.00064432
-0.00084176
-0.00112046
-0.00145260
-0.00174680
-0.00190777
-0.00188338
-0.00168872
-0.00140193
-0.00113764
-0.00101593
-0.00112438
-0.00147030
-0.00195187
-0.00236049
-0.00242732
-0.00196350
-0.00103943
-0.00001972
0.00062674
0.00061430
0.00000808
-0.00086540
-0.00167451
-0.00226970
-0.00270707
-0.00317617
-0.00388209
-0.00492150
-0.00621707
-0.00753881
-0.00861594
-0.00931892
-0.00979372
-0.01039351
-0.01142512
-0.01291612
-0.01457357
-0.01595712
-0.01676103
-0.01699361
-0.01691603
-0.01685288
-0.01705943
-0.01767236
-0.01871231
-0.02014061
-0.02192545
-0.02406030
-0.02653655
-0.02931038
-0.03230908
-0.03547061
-0.03876489
-0.04217974
-0.04570139
-0.04932438
-0.05309730
-0.05716456
-0.06174922
-0.06707238
-0.07325160
-0.08021930
-0.08764715
-0.09436693
-0.09612803
-0.08355908
-0.04579897
0.02205867
0.11830201
0.24014135
0.38084344
0.51787705
0.61072705
0.61860128
0.52780939
0.36662475
0.19020051
0.04571085
-0.04955532
-0.10239551
-0.12705422
-0.13547592
-0.13541540
-0.13137811
-0.12584314
-0.12008578
-0.11471791
-0.11033851
-0.10820216
-0.11003342
-0.11649462
-0.12554164
-0.13258939
-0.13299135
-0.12515908
-0.11160242
-0.09673296
-0.08366475
-0.07318791
-0.06494602
-0.05862579
-0.05386483
-0.04810048
-0.03437854
-0.00555224
0.03604248
0.07520234
0.09243753
0.07742175
0.03689794
-0.00969709
-0.04404176
-0.05892331
-0.05702619
-0.04499226
-0.02934393
-0.01483495
-0.00446088
-0.00003017
-0.00212103
-0.00957871
-0.01959374
-0.02918740
-0.03758441
-0.04651939
-0.05683488
-0.06512555
-0.06508907
-0.05276044
-0.03053912
-0.00624559
0.01204300
0.02077732
0.02183297
0.02144294
0.02935448
0.05498846
0.09980183
0.15282469
0.19515925
0.21092705
0.19679251
0.16256661
0.12254168
0.08625279
0.05581629
0.02823085
0.00002350
-0.02625498
-0.04009776
-0.03190981
-0.00432263
0.02725010
0.04506124
0.03939499
0.00890347
-0.04542424
-0.11938679
-0.19756832
-0.25374419
-0.26584600
-0.23185144
-0.17033244
-0.10458060
-0.04699605
0.00076494
0.03745549
0.05691785
0.05271275
0.02660980
-0.00825895
-0.03365740
-0.03697616
-0.01768494
0.01500028
0.05051764
0.08373915
0.11418377
0.14060143
0.15865608
0.16379618
0.15505620
0.13600330
0.11290360
0.09188197
0.07667979
0.06839991
0.06689059
0.07169185
0.08193837
0.09618914
0.11218572
0.12667737
0.13633429
0.13926186
0.13582889
0.12832957
0.11686567
0.08975459
0.02109405
-0.10953844
-0.28931221
-0.46719780
-0.58256338
-0.60877451
-0.57493634
-0.53847732
-0.53027904
-0.52911593
-0.48731469
-0.37590983
-0.20899612
-0.03185272
0.11186179
0.20341936
0.24755264
0.25799125
0.24746981
0.22582484
0.20111080
0.17971390
0.16500568
0.15629368
0.14939575
0.13902121
0.12212584
0.10001818
0.07738679
0.05909387
0.04732180
0.04141051
0.04080076
0.04753261
0.06398464
0.08790839
0.11119045
0.12444364
0.12338747
0.11144763
0.09603965
0.08233660
0.07129903
0.06209351
0.05330618
0.04211900
0.02510649
0.00103864
-0.02712353
-0.05295166
-0.06994415
-0.07534143
-0.07143847
-0.06405199
-0.05956823
-0.06158459
-0.06879939
-0.07612373
-0.07850526
-0.07417250
-0.06447048
-0.05096713
-0.03366466
-0.01269449
0.00901243
0.02595697
0.03341266
0.03070179
0.02156338
0.01143252
0.00404005
0.00018047
-0.00095955
-0.00002833
0.00280477
0.00699421
0.01116749
0.01387833
0.01482275
0.01508087
0.01592750
0.01744799
0.01847293
0.01772079
0.01486556
0.01075440
0.00693841
0.00500668
0.00596140
0.00962305
0.01441402
0.01810103
0.01911077
0.01723276
0.01323790
0.00803818
0.00219147
-0.00393914
-0.00980458
-0.01478402
-0.01862502
-0.02137490
-0.02279159
-0.02215734
-0.01893998
-0.01374805
-0.00861811
-0.00604491
-0.00741229
-0.01214677
-0.01809302
-0.02268310
-0.02413906
-0.02199191
-0.01686918
-0.01005024
-0.00296508
0.00326495
0.00797930
0.01091481
0.01219045
0.01230477
0.01195822
0.01170626
0.01166896
0.01154049
0.01093753
0.00980596
0.00848876
0.00742161
