0.00003297
0.00019509
0.00046879
0.00078708
0.00117252
0.00167427
0.00228126
0.00288502
0.00332123
0.00346673
0.00331853
0.00300092
0.00269114
0.00251961
0.00251370
0.00261598
0.00274305
0.00282937
0.00284066
0.00278329
0.00270673
0.00268277
0.00276621
0.00294810
0.00313494
0.00318853
0.00299428
0.00250575
0.00177138
0.00094290
0.00022529
-0.00022376
-0.00037868
-0.00035357
-0.00031657
-0.00037203
-0.00051134
-0.00066469
-0.00077905
-0.00084395
-0.00084283
-0.00061836
0.00022277
0.00209124
0.00495452
0.00812231
0.01054539
0.01141603
0.01063400
0.00875591
0.00648746
0.00427715
0.00230685
0.00062643
-0.00075933
-0.00183254
-0.00253662
-0.00279178
-0.00255217
-0.00192233
-0.00125502
-0.00104700
-0.00162001
-0.00285305
-0.00421293
-0.00507319
-0.00509232
-0.00437734
-0.00331693
-0.00226326
-0.00137760
-0.00069441
-0.00021112
0.00009306
0.00025603
0.00029854
0.00018636
-0.00014474
-0.00070435
-0.00139342
-0.00204496
-0.00251663
-0.00275151
-0.00276799
-0.00261494
-0.00235604
-0.00207182
-0.00183517
-0.00168465
-0.00162429
-0.00163251
-0.00167521
-0.00173048
-0.00180822
-0.00194190
-0.00215452
-0.00242772
-0.00271837
-0.00302738
-0.00343646
-0.00404505
-0.00487057
-0.00582394
-0.00677578
-0.00763010
-0.00833748
-0.00886992
-0.00923170
-0.00950660
-0.00985708
-0.01045644
-0.01141308
-0.01272758
-0.01430547
-0.01602183
-0.01778204
-0.01954239
-0.02131076
-0.02313654
-0.02508431
-0.02721304
-0.02956708
-0.03216186
-0.03498637
-0.03804846
-0.04142161
-0.04522900
-0.04956195
-0.05437665
-0.05945486
-0.06453291
-0.06954036
-0.07472024
-0.08051847
-0.08729182
-0.09451010
-0.09829662
-0.08737431
-0.04103683
0.06409821
0.23563305
0.44652473
0.63515646
0.73232493
0.70020453
0.55447748
0.35242491
0.15767213
0.00961036
-0.08420002
-0.13611605
-0.16226947
-0.17385941
-0.17633433
-0.17175112
-0.16141211
-0.14768194
-0.13451389
-0.12669271
-0.12803892
-0.13915843
-0.15608802
-0.17132928
-0.17728132
-0.17005384
-0.15114539
-0.12584510
-0.09969532
-0.07586820
-0.05453745
-0.03240446
-0.00329045
0.03584992
0.07728955
0.10368302
0.09930504
0.06200349
0.00624291
-0.04596126
-0.07915396
-0.09070287
-0.08625340
-0.07290225
-0.05570971
-0.03702030
-0.01763150
0.00102922
0.01579625
0.02303992
0.02115136
0.01170133
-0.00203610
-0.01730384
-0.03215885
-0.04436774
-0.05122840
-0.05074226
-0.04269444
-0.02861112
-0.01094705
0.00756538
0.02467703
0.04033213
0.05767055
0.08074303
0.10993060
0.13942656
0.15984532
0.16426892
0.15255647
0.13047974
0.10529586
0.08175484
0.06035490
0.03767325
0.00913130
-0.02634888
-0.06332508
-0.09132249
-0.09900735
-0.07859701
-0.03175251
0.02497054
0.06320079
0.05749708
0.00301293
-0.07799033
-0.14843780
-0.17989901
-0.16789621
-0.12812059
-0.08198598
-0.04490292
-0.02198970
-0.00985197
-0.00169345
0.00743996
0.01777018
0.02485103
0.02222795
0.00651111
-0.01785307
-0.03909482
-0.04446604
-0.02758784
0.00801978
0.05138535
0.09059549
0.11773787
0.12972699
0.12795624
0.11795717
0.10713914
0.10101579
0.10100308
0.10526566
0.11051122
0.11278499
0.10861763
0.09767995
0.08454792
0.07674790
0.07975820
0.09284860
0.10940438
0.12087973
0.11792610
0.08491010
0.00002816
-0.14607044
-0.32907535
-0.49407425
-0.58435478
-0.57407660
-0.48133208
-0.35316779
-0.23925327
-0.17508690
-0.17152100
-0.20653036
-0.23339301
-0.20919026
-0.12344801
-0.00338533
0.10855205
0.18425768
0.22070572
0.22986882
0.22558090
0.21738706
0.20941278
0.20117820
0.18957464
0.17198045
0.14889865
0.12365385
0.09972083
0.07898229
0.06244468
0.05230933
0.05308496
0.06895307
0.09840873
0.13185409
0.15550075
0.15912527
0.14195935
0.11190810
0.07890200
0.04923659
0.02545932
0.00837684
-0.00278586
-0.01077230
-0.01918714
-0.03009061
-0.04210498
-0.05165644
-0.05690245
-0.05977412
-0.06401684
-0.07208683
-0.08362772
-0.09621673
-0.10716342
-0.11404182
-0.11432882
-0.10608421
-0.08928032
-0.06642794
-0.04203774
-0.02077198
-0.00546462
0.00316187
0.00567284
0.00353232
-0.00111147
-0.00616324
-0.01033320
-0.01315120
-0.01432996
-0.01317128
-0.00901763
-0.00249622
0.00439283
0.00976136
0.01304475
0.01459095
0.01432766
0.01129701
0.00494585
-0.00317665
-0.00961566
-0.01110865
-0.00661266
0.00205111
0.01112085
0.01685721
0.01740327
0.01345064
0.00743723
0.00180694
-0.00243457
-0.00569545
-0.00865629
-0.01151198
-0.01414618
-0.01641667
-0.01800773
-0.01820543
-0.01611580
-0.01143134
-0.00520455
0.00025293
0.00255224
0.00069696
-0.00410956
-0.00898274
-0.01099646
-0.00872441
-0.00267272
0.00542149
0.01373470
0.02104835
0.02661612
0.02990495
0.03081702
0.02992525
0.02823533
0.02667607
0.02568597
0.02512510
0.02460560
0.02394879
0.02325858
0.02264535
0.02209645
0.02158540
0.02110941
0.02057953
0.01975937
