-0.00001829
-0.00009156
-0.00013089
0.00001995
0.00044236
0.00113776
0.00205464
0.00310238
0.00415480
0.00507640
0.00577860
0.00625905
0.00659191
0.00688337
0.00722369
0.00764312
0.00809798
0.00851180
0.00883404
0.00906143
0.00921976
0.00933569
0.00942564
0.00950086
0.00955455
0.00951990
0.00925473
0.00860880
0.00754270
0.00619236
0.00481110
0.00363294
0.00275944
0.00214025
0.00163908
0.00112141
0.00052126
-0.00012422
-0.00069476
-0.00106535
-0.00118901
-0.00112268
-0.00099380
-0.00094134
-0.00104945
-0.00129352
-0.00153929
-0.00161274
-0.00140990
-0.00097870
-0.00050025
-0.00017105
-0.00008903
-0.00022386
-0.00045126
-0.00061715
-0.00061653
-0.00044840
-0.00020844
-0.00002430
0.00002532
-0.00004321
-0.00013823
-0.00015998
-0.00005668
0.00016668
0.00046211
0.00074811
0.00093382
0.00096531
0.00085890
0.00069264
0.00055623
0.00048845
0.00045486
0.00038235
0.00020745
-0.00009755
-0.00051465
-0.00097439
-0.00136647
-0.00158332
-0.00157541
-0.00137630
-0.00108876
-0.00084515
-0.00075113
-0.00083928
-0.00106398
-0.00133905
-0.00159854
-0.00184688
-0.00215592
-0.00260087
-0.00319084
-0.00385408
-0.00447577
-0.00494999
-0.00522433
-0.00532756
-0.00536887
-0.00550479
-0.00587812
-0.00654838
-0.00745807
-0.00847060
-0.00945964
-0.01038322
-0.01129373
-0.01229415
-0.01347792
-0.01488068
-0.01647185
-0.01819721
-0.02003501
-0.02201798
-0.02421587
-0.02670313
-0.02953401
-0.03273342
-0.03629367
-0.04017259
-0.04431017
-0.04867401
-0.05330066
-0.05829314
-0.06377614
-0.06984704
-0.07652596
-0.08337764
-0.08700987
-0.07603079
-0.03198512
0.05618942
0.17585693
0.29140093
0.36560721
0.38719152
0.37930970
0.37473979
0.38076744
0.37270662
0.31980673
0.21433571
0.07926331
-0.04869090
-0.14344239
-0.19948397
-0.22438478
-0.22832212
-0.21985109
-0.20587246
-0.19184456
-0.18074958
-0.17204468
-0.16231954
-0.14733809
-0.12435656
-0.09389078
-0.05971923
-0.02713265
-0.00103156
0.01549369
0.02196517
0.01980936
0.01069477
-0.00388399
-0.02147290
-0.03802345
-0.04914786
-0.05246628
-0.04893132
-0.04175222
-0.03397905
-0.02718807
-0.02183291
-0.01786281
-0.01491878
-0.01242166
-0.00980237
-0.00690247
-0.00411227
-0.00163833
0.00132010
0.00607731
0.01320386
0.02198912
0.03089910
0.03864498
0.04515211
0.05132892
0.05771601
0.06357785
0.06724866
0.06727465
0.06365228
0.05824375
0.05373563
0.05172593
0.05140074
0.04991899
0.04436646
0.03382877
0.01984859
0.00490264
-0.00937820
-0.02242545
-0.03391128
-0.04374341
-0.05289169
-0.06324183
-0.07571806
-0.08834541
-0.09669336
-0.09695500
-0.08876537
-0.07490071
-0.05830755
-0.03910635
-0.01439510
0.01778303
0.05393006
0.08547615
0.10367227
0.10451644
0.09065832
0.06932745
0.04799639
0.03184854
0.02364898
0.02321434
0.02729801
0.03208791
0.03620946
0.04085467
0.04700052
0.05264144
0.05289983
0.04333588
0.02420049
0.00199414
-0.01388958
-0.01708192
-0.00777323
0.00836315
0.02438109
0.03655864
0.04583651
0.05526797
0.06661894
0.07894578
0.08920313
0.09402715
0.09178672
0.08289065
0.06429216
0.02053747
-0.07124641
-0.21583649
-0.38017555
-0.50484976
-0.53986782
-0.47728656
-0.35431753
-0.22277664
-0.11491030
-0.03636043
0.02029789
0.06331040
0.09708600
0.12204762
0.13685830
0.14112227
0.13634159
0.12343033
0.09780672
0.05091245
-0.01694548
-0.08707308
-0.13067397
-0.12827828
-0.08363232
-0.02070377
0.03467354
0.07093103
0.08988700
0.09739005
0.09962290
0.10377139
0.11579229
0.13564851
0.15588455
0.16622863
0.16080131
0.14175075
0.11609857
0.08952286
0.06405340
0.04048084
0.01986437
0.00224639
-0.01388765
-0.02973830
-0.04399634
-0.05296345
-0.05362263
-0.04709807
-0.03908806
-0.03681264
-0.04428002
-0.05875067
-0.07161625
-0.07367596
-0.06126964
-0.03894489
-0.01603750
0.00025413
0.00859686
0.01153211
0.01182830
0.01091384
0.00935072
0.00744656
0.00506521
0.00155900
-0.00338609
-0.00870604
-0.01207646
-0.01139852
-0.00629180
0.00184709
0.01108276
0.01974534
0.02614652
0.02853915
0.02591127
0.01879459
0.00941408
0.00098224
-0.00361835
-0.00303820
0.00190722
0.00835575
0.01272553
0.01272131
0.00844625
0.00185478
-0.00497773
-0.01118766
-0.01672937
-0.02120577
-0.02381040
-0.02421629
-0.02292555
-0.02074678
-0.01805490
-0.01459631
-0.01020974
-0.00572597
-0.00299540
-0.00391402
-0.00899258
-0.01649767
-0.02312604
-0.02582476
-0.02341701
-0.01700030
-0.00885776
-0.00081519
0.00638754
0.01250777
0.01723361
0.02028049
0.02171098
0.02198696
0.02171761
0.02131133
0.02080066
0.02000503
0.01882725
0.01736354
0.01581938
0.01441648
0.01330482
0.01242601
0.01148015
0.01011244
0.00818287
0.00595885
0.00418162
0.00390328
0.00599009
0.01045742
0.01611608
0.02099919
0.02342595
0.02290439
0.02017722
0.01650698
0.01297374
0.01028788
