-0.00000257
0.00003632
0.00032127
0.00100409
0.00196578
0.00289966
0.00351363
0.00368775
0.00349763
0.00314452
0.00286273
0.00282758
0.00308066
0.00350364
0.00388215
0.00403289
0.00390660
0.00360150
0.00329113
0.00312412
0.00315837
0.00335166
0.00358992
0.00373454
0.00368676
0.00343869
0.00307066
0.00269767
0.00240074
0.00218273
0.00197535
0.00169470
0.00130704
0.00085841
0.00045489
0.00020944
0.00018789
0.00039048
0.00076696
0.00123211
0.00167296
0.00197536
0.00207658
0.00200104
0.00183927
0.00168057
0.00155191
0.00141029
0.00118619
0.00084277
0.00041503
0.00000672
-0.00025293
-0.00027148
-0.00004677
0.00032120
0.00067355
0.00086436
0.00082505
0.00059672
0.00030825
0.00010657
0.00008408
0.00023941
0.00048524
0.00070370
0.00081827
0.00082893
0.00079090
0.00076571
0.00078051
0.00081398
0.00081057
0.00071020
0.00047759
0.00012303
-0.00029330
-0.00068663
-0.00099306
-0.00119336
-0.00130383
-0.00136776
-0.00145119
-0.00161446
-0.00186681
-0.00214894
-0.00236837
-0.00246596
-0.00245834
-0.00241118
-0.00237010
-0.00233496
-0.00230251
-0.00230401
-0.00239100
-0.00260337
-0.00295182
-0.00341453
-0.00395241
-0.00453386
-0.00514357
-0.00577630
-0.00642709
-0.00707808
-0.00769360
-0.00824793
-0.00877493
-0.00937979
-0.01018746
-0.01127435
-0.01263349
-0.01418625
-0.01583359
-0.01752021
-0.01926835
-0.02115937
-0.02327688
-0.02565176
-0.02825322
-0.03102881
-0.03395047
-0.03703083
-0.04031351
-0.04386381
-0.04776746
-0.05210953
-0.05689642
-0.06190705
-0.06663181
-0.07057492
-0.07380100
-0.07711358
-0.08079197
-0.08001014
-0.05991945
-0.00114315
0.10422198
0.24316856
0.38817156
0.51044559
0.58787487
0.60486134
0.55153010
0.43055902
0.26580750
0.09688129
-0.04095240
-0.13341308
-0.18638273
-0.21293230
-0.22326006
-0.22302014
-0.21550485
-0.20369512
-0.19106218
-0.18098606
-0.17541199
-0.17373431
-0.17262440
-0.16727751
-0.15339320
-0.12810578
-0.09024578
-0.04197932
0.00945205
0.05309191
0.07871564
0.08140659
0.06341073
0.03234927
-0.00256666
-0.03365879
-0.05630829
-0.06928435
-0.07390433
-0.07230677
-0.06608311
-0.05633957
-0.04443862
-0.03185222
-0.01941368
-0.00754599
0.00275239
0.00995719
0.01323096
0.01336417
0.01253121
0.01275976
0.01431595
0.01588708
0.01633243
0.01586748
0.01598256
0.01874156
0.02560262
0.03641758
0.04969299
0.06363581
0.07664592
0.08713766
0.09345292
0.09422785
0.08910029
0.07910354
0.06590177
0.05049139
0.03303718
0.01378335
-0.00636090
-0.02562851
-0.04138781
-0.05103997
-0.05403615
-0.05369639
-0.05642759
-0.06733758
-0.08549510
-0.10362742
-0.11202166
-0.10261768
-0.07259373
-0.02733399
0.02056705
0.05689350
0.07273806
0.06913592
0.05561161
0.04239802
0.03366414
0.02787141
0.02173102
0.01310928
0.00279018
-0.00533690
-0.00644692
0.00216196
0.01922979
0.03943834
0.05481170
0.05800731
0.04649992
0.02459410
0.00163647
-0.01237368
-0.01142606
0.00414614
0.02913063
0.05669412
0.08033547
0.09513963
0.09960157
0.09645335
0.09094302
0.08748557
0.08719714
0.08791492
0.08609409
0.07920455
0.06688848
0.04682972
0.00579455
-0.07893566
-0.21757061
-0.38481843
-0.52351785
-0.57708725
-0.52660853
-0.40192282
-0.25608831
-0.12882743
-0.03291855
0.03528719
0.08261269
0.11404083
0.13151903
0.13043470
0.09886878
0.02993480
-0.06145951
-0.13894966
-0.16528792
-0.12637773
-0.04063441
0.05454459
0.12783545
0.16725918
0.17612701
0.16462941
0.14384350
0.12174516
0.10214736
0.08702340
0.08014394
0.08708128
0.10930633
0.13891928
0.16140315
0.16486254
0.14795877
0.11958936
0.09028626
0.06429654
0.04025195
0.01655441
-0.00654082
-0.02836461
-0.04844836
-0.06519224
-0.07487208
-0.07322497
-0.05928590
-0.03800448
-0.01868576
-0.01048222
-0.01744898
-0.03553536
-0.05458293
-0.06482442
-0.06271474
-0.05171342
-0.03784709
-0.02426882
-0.01065454
0.00262014
0.01217998
0.01445461
0.00959865
0.00189500
-0.00353764
-0.00445781
-0.00226781
0.00051697
0.00289799
0.00536534
0.00820549
0.01072909
0.01204894
0.01197563
0.01086802
0.00887419
0.00568810
0.00118546
-0.00373804
-0.00702012
-0.00630370
-0.00050498
0.00896083
0.01840147
0.02364493
0.02246882
0.01607581
0.00819892
0.00215800
-0.00135969
-0.00372548
-0.00636120
-0.00955922
-0.01258963
-0.01445648
-0.01454398
-0.01265901
-0.00891447
-0.00406042
0.00019327
0.00154464
-0.00180301
-0.00971922
-0.01956373
-0.02736842
-0.02994996
-0.02646365
-0.01847328
-0.00840736
0.00212277
0.01233224
0.02126264
0.02765033
0.03076310
0.03109944
0.03024120
0.02983187
0.03045649
0.03147551
0.03186332
0.03108254
0.02933904
0.02735056
0.02595903
0.02575619
0.02676759
0.02835142
0.02951382
0.02951113
0.02835221
0.02689045
0.02643275
0.02801263
0.03165901
0.03613867
0.03951577
0.04024710
