0.00004669
0.00030442
0.00087061
0.00178483
0.00308279
0.00465872
0.00622642
0.00743886
0.00807371
0.00816445
0.00797827
0.00785682
0.00801219
0.00840087
0.00874923
0.00869148
0.00793339
0.00641119
0.00438454
0.00236229
0.00086630
0.00016953
0.00017214
0.00051591
0.00085056
0.00101167
0.00101110
0.00094966
0.00093912
0.00103909
0.00121796
0.00136540
0.00136553
0.00119409
0.00096418
0.00086215
0.00101161
0.00138316
0.00181276
0.00208898
0.00205252
0.00167146
0.00104931
0.00035844
-0.00025053
-0.00071047
-0.00104852
-0.00135109
-0.00169830
-0.00208976
-0.00241887
-0.00253275
-0.00232890
-0.00181904
-0.00113537
-0.00047012
0.00001693
0.00024243
0.00019165
-0.00008415
-0.00047158
-0.00083361
-0.00106199
-0.00111436
-0.00102803
-0.00089245
-0.00078290
-0.00071094
-0.00064287
-0.00056567
-0.00052943
-0.00062095
-0.00089006
-0.00129594
-0.00172392
-0.00205832
-0.00225051
-0.00232672
-0.00234136
-0.00233790
-0.00235235
-0.00242824
-0.00260351
-0.00287602
-0.00318440
-0.00343668
-0.00357654
-0.00362373
-0.00364644
-0.00370198
-0.00381327
-0.00399141
-0.00425492
-0.00463179
-0.00517344
-0.00596115
-0.00706419
-0.00847596
-0.01009914
-0.01180177
-0.01349058
-0.01515192
-0.01687120
-0.01883720
-0.02129738
-0.02445646
-0.02835994
-0.03284628
-0.03763803
-0.04250969
-0.04737988
-0.05230707
-0.05742593
-0.06212983
-0.06171967
-0.04415777
0.00408514
0.08345076
0.17300064
0.23867458
0.25306479
0.21268786
0.13869863
0.06026251
-0.00255977
-0.04319591
-0.06426853
-0.07231409
-0.07380921
-0.07294867
-0.07117930
-0.06787940
-0.06170981
-0.05209565
-0.03956564
-0.02356769
-0.00046510
0.03280939
0.07204696
0.10485019
0.11763212
0.10482307
0.07319890
0.03701136
0.00769931
-0.01149710
-0.02313921
-0.03161365
-0.04061560
-0.05125995
-0.06140185
-0.06712712
-0.06567245
-0.05770543
-0.04712257
-0.03838196
-0.03364580
-0.03212736
-0.03150835
-0.02957464
-0.02512494
-0.01834703
-0.01060222
-0.00347911
0.00221116
0.00683840
0.01172615
0.01837345
0.02734053
0.03742096
0.04589405
0.04990426
0.04803956
0.04120111
0.03218747
0.02401861
0.01833935
0.01527134
0.01429258
0.01490330
0.01668652
0.01913155
0.02164016
0.02368812
0.02479051
0.02426072
0.02115499
0.01465587
0.00478247
-0.00705997
-0.01838321
-0.02677343
-0.03091963
-0.03079732
-0.02722668
-0.02127958
-0.01390997
-0.00601113
0.00142926
0.00752982
0.01183978
0.01438611
0.01559172
0.01619626
0.01701015
0.01854339
0.02085447
0.02367599
0.02660470
0.02909309
0.03033077
0.02935302
0.02551435
0.01902205
0.01107906
0.00344535
-0.00232047
-0.00538178
-0.00545232
-0.00215344
0.00498281
0.01539756
0.02661473
0.03496759
0.03765043
0.03449430
0.02788097
0.02078948
0.01485557
0.00970006
0.00302581
-0.00880654
-0.02992421
-0.06366772
-0.10981945
-0.16181263
-0.20771583
-0.23564271
-0.23993350
-0.22369275
-0.19561546
-0.16362775
-0.13110507
-0.09812497
-0.06474079
-0.03260377
-0.00419492
0.01859368
0.03506613
0.04564332
0.05157004
0.05450942
0.05605491
0.05735796
0.05895266
0.06059217
0.06125705
0.05976800
0.05577022
0.05031680
0.04560870
0.04387862
0.04603161
0.05128435
0.05809479
0.06515914
0.07164221
0.07694077
0.08034879
0.08095235
0.07808101
0.07187114
0.06312323
0.05220930
0.03730934
0.01410194
-0.02032875
-0.06193741
-0.09897244
-0.11803095
-0.11255485
-0.08735264
-0.05512626
-0.02789862
-0.01135904
-0.00523292
-0.00609238
-0.00966018
-0.01226404
-0.01158678
-0.00701943
0.00030203
0.00830599
0.01529569
0.02051989
0.02384116
0.02532034
0.02512104
0.02359360
0.02129603
0.01878104
0.01631496
0.01394011
0.01183952
0.01049975
0.01042150
0.01166422
0.01373353
0.01597532
0.01802774
0.01988167
0.02176410
0.02403555
0.02687892
0.02994511
0.03229722
0.03265551
0.03000815
0.02434691
0.01675127
0.00875581
0.00162447
-0.00413031
-0.00881142
-0.01308960
-0.01731044
-0.02106085
-0.02336129
-0.02340161
-0.02113917
-0.01720569
-0.01243452
-0.00772430
-0.00432160
-0.00375088
-0.00698034
-0.01350345
-0.02124405
-0.02750442
-0.03035328
-0.02939844
-0.02550718
-0.02009521
-0.01450529
-0.00953182
-0.00526652
-0.00140698
0.00225506
0.00557753
0.00816058
0.00971145
0.01032643
0.01036887
0.01016983
0.00991072
0.00970998
0.00970988
0.01001156
0.01052129
0.01094166
0.01100147
0.01069034
0.01026970
0.01009348
0.01036034
0.01094690
0.01144390
0.01134619
0.01029404
0.00828922
0.00573341
0.00320242
0.00114575
-0.00026163
-0.00112805
-0.00176456
-0.00247253
-0.00328278
-0.00387043
-0.00374516
-0.00260333
-0.00061057
0.00165782
0.00369911
0.00555800
0.00771015
0.01046037
0.01353941
0.01627690
0.01813420
0.01910876
0.01963852
0.02010343
0.02046693
0.02038776
0.01957977
0.01808025
0.01626036
0.01457582
0.01324342
0.01213721
