0.00000877
0.00005855
0.00015769
0.00024332
0.00022076
0.00006558
-0.00012002
-0.00017575
-0.00000791
0.00034811
0.00076268
0.00109558
0.00125802
0.00122683
0.00103874
0.00079419
0.00064987
0.00075443
0.00114662
0.00171072
0.00224270
0.00257227
0.00265048
0.00255421
0.00241646
0.00234104
0.00234908
0.00236530
0.00225738
0.00192800
0.00140034
0.00082066
0.00036989
0.00015788
0.00017403
0.00031155
0.00043381
0.00043799
0.00029483
0.00006101
-0.00014181
-0.00018710
-0.00001783
0.00031533
0.00067218
0.00088637
0.00085375
0.00060671
0.00031230
0.00016734
0.00026194
0.00052266
0.00077242
0.00085381
0.00071833
0.00042131
0.00006148
-0.00025932
-0.00044761
-0.00044624
-0.00027761
-0.00003945
0.00015996
0.00026191
0.00026742
0.00021241
0.00013605
0.00006560
0.00001834
-0.00001432
-0.00009384
-0.00030883
-0.00070047
-0.00121681
-0.00173719
-0.00214068
-0.00236601
-0.00242931
-0.00240455
-0.00238652
-0.00245191
-0.00263365
-0.00291159
-0.00318550
-0.00318257
-0.00240902
-0.00040799
0.00274732
0.00622821
0.00880482
0.00955609
0.00840340
0.00603580
0.00332336
0.00081734
-0.00130823
-0.00309011
-0.00463071
-0.00599465
-0.00714709
-0.00796737
-0.00834190
-0.00830757
-0.00816969
-0.00843670
-0.00951354
-0.01138939
-0.01360021
-0.01549018
-0.01659233
-0.01688433
-0.01672988
-0.01657416
-0.01670555
-0.01724479
-0.01822608
-0.01963188
-0.02139681
-0.02343936
-0.02572387
-0.02829910
-0.03126042
-0.03465517
-0.03843041
-0.04248285
-0.04673738
-0.05115653
-0.05570407
-0.06036304
-0.06521030
-0.07043768
-0.07626337
-0.08281179
-0.09004821
-0.09744895
-0.10115016
-0.08674696
-0.02706929
0.10186221
0.29571975
0.51123477
0.68024826
0.74262098
0.67919521
0.51918359
0.31800863
0.12875796
-0.01574080
-0.10826806
-0.15979793
-0.18571199
-0.19688776
-0.19840101
-0.19194349
-0.17899297
-0.16314893
-0.15044111
-0.14700479
-0.15524429
-0.17142904
-0.18689245
-0.19234834
-0.18268043
-0.15896039
-0.12641095
-0.08998043
-0.05067091
-0.00634197
0.04245778
0.08748971
0.11463850
0.11204536
0.07881768
0.02702049
-0.02565270
-0.06579769
-0.08848652
-0.09521422
-0.08997971
-0.07674298
-0.05892890
-0.03967668
-0.02143349
-0.00515559
0.00937871
0.02177648
0.02971303
0.02998911
0.02129814
0.00616778
-0.00986204
-0.02140596
-0.02619322
-0.02555650
-0.02261426
-0.01983815
-0.01722950
-0.01170584
0.00136618
0.02457113
0.05556773
0.08761206
0.11301259
0.12695657
0.12908720
0.12200129
0.10881549
0.09222845
0.07448975
0.05666943
0.03784513
0.01590191
-0.00999619
-0.03720943
-0.05992285
-0.07232668
-0.07262358
-0.06508545
-0.05800666
-0.05712273
-0.06024547
-0.06054088
-0.05451910
-0.04508052
-0.03791754
-0.03562210
-0.03484775
-0.03029464
-0.02094720
-0.00997806
-0.00046200
0.00572186
0.00694698
0.00286315
-0.00382701
-0.00785312
-0.00454329
0.00647116
0.01984094
0.02763545
0.02602928
0.01933672
0.01667718
0.02435517
0.04067254
0.05736679
0.06687565
0.06902420
0.07024562
0.07698455
0.09079487
0.10810408
0.12255542
0.12796509
0.12142452
0.10551356
0.08725647
0.07354152
0.06688965
0.06527724
0.06544180
0.06611163
0.06703161
0.06072204
0.02409111
-0.07119966
-0.22980068
-0.41448640
-0.55931674
-0.60669692
-0.54318714
-0.40505229
-0.24779225
-0.11142174
-0.01126266
0.04996157
0.06766697
0.03581358
-0.03660373
-0.11624131
-0.16009918
-0.14243851
-0.07106797
0.02053433
0.09941865
0.15274964
0.18434350
0.20070885
0.20406508
0.19396894
0.17176528
0.14271300
0.11373882
0.08971236
0.07205088
0.06039721
0.05613188
0.06379761
0.08671195
0.12045606
0.15201636
0.16679476
0.15803236
0.13064144
0.09595970
0.06294928
0.03468964
0.01104891
-0.00853603
-0.02479746
-0.03845476
-0.04884054
-0.05306060
-0.04773840
-0.03293545
-0.01440916
-0.00141409
-0.00207607
-0.01937916
-0.04889735
-0.07965061
-0.09899389
-0.09936888
-0.08270256
-0.05863169
-0.03704829
-0.02153894
-0.00970608
0.00133088
0.01104403
0.01675576
0.01737631
0.01503765
0.01300072
0.01250504
0.01224416
0.01082128
0.00901142
0.00914912
0.01273160
0.01908618
0.02608018
0.03162576
0.03442757
0.03382307
0.02967935
0.02282009
0.01526148
0.00965639
0.00821589
0.01150918
0.01786565
0.02398947
0.02647444
0.02351501
0.01587167
0.00614927
-0.00315389
-0.01090132
-0.01698016
-0.02156465
-0.02501214
-0.02789570
-0.03061952
-0.03294648
-0.03397794
-0.03287482
-0.02995243
-0.02709289
-0.02691629
-0.03112653
-0.03896875
-0.04710769
-0.05139504
-0.04929386
-0.04126616
-0.03019144
-0.01923508
-0.01007320
-0.00299097
0.00203318
0.00486984
0.00550404
0.00433200
0.00213741
-0.00025938
-0.00242604
-0.00438236
-0.00624093
-0.00794334
-0.00935916
-0.01037291
-0.01079598
-0.01043723
-0.00938327
-0.00815371
-0.00755321
-0.00822155
-0.01010784
-0.01234040
-0.01363173
