0.00006058
0.00033806
0.00072119
0.00102595
0.00128713
0.00157724
0.00185805
0.00199957
0.00187222
0.00142935
0.00074275
-0.00002091
-0.00067934
-0.00111829
-0.00135829
-0.00156015
-0.00193231
-0.00258848
-0.00345963
-0.00432260
-0.00493952
-0.00521096
-0.00522860
-0.00520028
-0.00530811
-0.00560544
-0.00602488
-0.00645575
-0.00680191
-0.00700176
-0.00703848
-0.00694373
-0.00678063
-0.00660428
-0.00642753
-0.00621598
-0.00591872
-0.00552657
-0.00510805
-0.00477590
-0.00461392
-0.00462878
-0.00475569
-0.00490541
-0.00501045
-0.00503203
-0.00494805
-0.00474869
-0.00442586
-0.00397033
-0.00339934
-0.00277401
-0.00216611
-0.00159005
-0.00094523
-0.00007717
0.00099781
0.00192443
0.00213852
0.00121003
-0.00086828
-0.00361998
-0.00629361
-0.00821398
-0.00903610
-0.00879668
-0.00781710
-0.00651572
-0.00521478
-0.00405801
-0.00305338
-0.00216103
-0.00136638
-0.00070009
-0.00018960
0.00021047
0.00064315
0.00129352
0.00227442
0.00354361
0.00492475
0.00619923
0.00719192
0.00781472
0.00806296
0.00798061
0.00762570
0.00705379
0.00631291
0.00544825
0.00451663
0.00359153
0.00274822
0.00203929
0.00146846
0.00097781
0.00048239
-0.00005878
-0.00061244
-0.00112049
-0.00158105
-0.00208553
-0.00277926
-0.00378025
-0.00512848
-0.00681476
-0.00884969
-0.01124441
-0.01385323
-0.01625270
-0.01785501
-0.01822316
-0.01737336
-0.01583123
-0.01435388
-0.01352279
-0.01353917
-0.01430469
-0.01561773
-0.01732550
-0.01936870
-0.02172666
-0.02434412
-0.02713111
-0.03003368
-0.03309032
-0.03641410
-0.04011622
-0.04422403
-0.04865961
-0.05330990
-0.05813151
-0.06317782
-0.06827422
-0.07106135
-0.06315079
-0.03088983
0.03350316
0.11974888
0.20080419
0.24841141
0.25080443
0.21877051
0.17474257
0.13586311
0.10746287
0.08818185
0.07674727
0.07438928
0.08229454
0.09735342
0.11124302
0.11431790
0.10117034
0.07355629
0.03851108
0.00366303
-0.02587331
-0.04770429
-0.06154307
-0.06881472
-0.07188242
-0.07270913
-0.07189604
-0.06907358
-0.06412150
-0.05783816
-0.05162665
-0.04683990
-0.04437358
-0.04444638
-0.04640895
-0.04892898
-0.05067908
-0.05097153
-0.04992436
-0.04812399
-0.04593819
-0.04315736
-0.03955153
-0.03567684
-0.03285348
-0.03218922
-0.03338364
-0.03450982
-0.03336327
-0.02915278
-0.02243809
-0.01312002
0.00046180
0.01894335
0.03854312
0.05150865
0.05106299
0.03678859
0.01553392
-0.00333447
-0.01384362
-0.01520684
-0.00960364
0.00034005
0.01197516
0.02164512
0.02473595
0.01770686
0.00044268
-0.02305517
-0.04648612
-0.06457903
-0.07546364
-0.08033040
-0.08139528
-0.08016434
-0.07695304
-0.07157311
-0.06433156
-0.05637341
-0.04917367
-0.04359941
-0.03862041
-0.03001605
-0.01045306
0.02935682
0.09827676
0.19804339
0.31460839
0.41692560
0.46854140
0.44706929
0.35904217
0.23719733
0.12002266
0.03064717
-0.02954957
-0.07306758
-0.11323877
-0.15461102
-0.19134353
-0.21310530
-0.21377629
-0.19677222
-0.17469171
-0.16545168
-0.18504680
-0.23675882
-0.30374027
-0.35376003
-0.35596954
-0.29997818
-0.20333027
-0.09923367
-0.01453008
0.04274008
0.07983231
0.10815038
0.13397850
0.15512156
0.16366131
0.15284752
0.12361279
0.08581402
0.05296889
0.03446106
0.03132360
0.03857850
0.05082878
0.06539896
0.08190535
0.10092193
0.12295321
0.14740492
0.17187106
0.19264642
0.20686353
0.21405115
0.21279793
0.19503621
0.14883030
0.07078647
-0.02544199
-0.11504646
-0.18154796
-0.23493780
-0.30240036
-0.39279515
-0.47669627
-0.50606638
-0.45188032
-0.32737514
-0.17901883
-0.05241617
0.03342340
0.08250900
0.10570034
0.11212008
0.10832662
0.09911831
0.08757811
0.07502231
0.06170610
0.04771946
0.03325607
0.01839760
0.00353356
-0.00902675
-0.01457106
-0.00891347
0.00760396
0.02918047
0.04783584
0.05852260
0.06177219
0.06164556
0.06185939
0.06415656
0.06948375
0.07949289
0.09571720
0.11665605
0.13628535
0.14681016
0.14379226
0.12872173
0.10679860
0.08278619
0.05911167
0.03709765
0.01846137
0.00441076
-0.00608133
-0.01519531
-0.02274808
-0.02478110
-0.01684538
0.00099414
0.02265778
0.03968479
0.04645970
0.04235858
0.02993670
0.01231816
-0.00765101
-0.02716929
-0.04359926
-0.05517320
-0.06166549
-0.06417177
-0.06401086
-0.06194561
-0.05838774
-0.05391848
-0.04952821
-0.04653496
-0.04613703
-0.04872218
-0.05325200
-0.05715248
-0.05724552
-0.05151832
-0.04048445
-0.02698857
-0.01443415
-0.00469288
0.00249956
0.00823893
0.01289434
0.01588395
0.01662178
0.01535640
0.01303439
0.01052321
0.00813790
0.00591655
0.00420249
0.00379359
0.00548958
0.00955490
0.01549461
0.02211869
0.02789701
0.03156773
0.03266538
0.03167198
0.02977321
0.02833187
0.02830429
0.02983394
0.03211734
0.03369615
0.03325695
0.03047118
0.02621162
0.02200157
0.01910557
0.01790662
0.01798527
0.01865324
0.01935017
0.01969685
0.01944878
0.01857972
