-0.00007689
-0.00047891
-0.00124662
-0.00222839
-0.00331664
-0.00439038
-0.00526381
-0.00573319
-0.00569362
-0.00521243
-0.00446193
-0.00358245
-0.00258527
-0.00135894
0.00022713
0.00215544
0.00413632
0.00564412
0.00613504
0.00534245
0.00347876
0.00118622
-0.00077693
-0.00189644
-0.00206263
-0.00149983
-0.00057909
0.00037071
0.00116406
0.00174044
0.00209553
0.00224322
0.00221999
0.00211743
0.00212604
0.00252729
0.00356222
0.00522287
0.00714361
0.00872642
0.00944808
0.00914359
0.00805500
0.00661928
0.00519829
0.00395614
0.00288411
0.00188553
0.00088745
-0.00006759
-0.00082309
-0.00120177
-0.00111977
-0.00066248
-0.00006916
0.00038804
0.00054325
0.00039799
0.00009876
-0.00014706
-0.00019832
-0.00007824
0.00003115
-0.00011387
-0.00071185
-0.00186928
-0.00358500
-0.00567107
-0.00765359
-0.00884134
-0.00862563
-0.00684501
-0.00394504
-0.00076498
0.00191022
0.00367955
0.00456160
0.00482913
0.00477847
0.00456439
0.00419660
0.00364791
0.00295496
0.00224465
0.00167030
0.00131633
0.00117135
0.00117013
0.00122349
0.00122899
0.00110836
0.00084678
0.00048263
0.00006332
-0.00039085
-0.00088855
-0.00142804
-0.00196031
-0.00241078
-0.00273279
-0.00292197
-0.00299589
-0.00299218
-0.00298765
-0.00309724
-0.00343333
-0.00404956
-0.00491650
-0.00595751
-0.00711056
-0.00835026
-0.00965774
-0.01099042
-0.01229712
-0.01356798
-0.01486481
-0.01629330
-0.01792938
-0.01975445
-0.02166211
-0.02354491
-0.02539308
-0.02732133
-0.02950527
-0.03208367
-0.03510485
-0.03855074
-0.04239472
-0.04662916
-0.05125615
-0.05627469
-0.06167396
-0.06733226
-0.07197529
-0.06972789
-0.04781828
0.00620087
0.09022542
0.18170217
0.24841736
0.26827896
0.24284907
0.19338631
0.14326727
0.10442814
0.07759020
0.05911416
0.04592243
0.03734051
0.03503894
0.04093572
0.05393176
0.06839482
0.07613300
0.07073344
0.05137985
0.02318660
-0.00629942
-0.03120952
-0.04906296
-0.06017339
-0.06612183
-0.06832695
-0.06755022
-0.06432708
-0.05938759
-0.05353170
-0.04737879
-0.04153645
-0.03692638
-0.03453392
-0.03470114
-0.03682982
-0.03976316
-0.04245141
-0.04439041
-0.04540103
-0.04507117
-0.04282105
-0.03864441
-0.03352773
-0.02899396
-0.02601438
-0.02405578
-0.02142964
-0.01697594
-0.01131694
-0.00636251
-0.00359635
-0.00233591
0.00053525
0.00793548
0.01906467
0.02919840
0.03300217
0.02810086
0.01662185
0.00381730
-0.00554384
-0.00978544
-0.00996592
-0.00826667
-0.00652010
-0.00485418
-0.00154994
0.00492879
0.01309870
0.01775254
0.01283970
-0.00398785
-0.02918049
-0.05539952
-0.07588428
-0.08746182
-0.09048696
-0.08698595
-0.07936799
-0.07019379
-0.06163605
-0.05357256
-0.04170564
-0.01944843
0.01633799
0.06202261
0.11171351
0.16515169
0.22686703
0.29423641
0.34881048
0.36410881
0.32507426
0.24138432
0.14176132
0.05443287
-0.00747604
-0.04549621
-0.06846195
-0.08695738
-0.10920258
-0.13766127
-0.16812249
-0.19238849
-0.20384034
-0.20308260
-0.20018083
-0.20977188
-0.23887519
-0.27687168
-0.29914313
-0.28312345
-0.22402714
-0.13813725
-0.05075478
0.02001837
0.06881224
0.09785902
0.11097018
0.11106866
0.10065755
0.08321902
0.06371165
0.04796229
0.04096175
0.04424613
0.05455360
0.06609769
0.07497692
0.08185118
0.09099350
0.10670647
0.12988262
0.15728203
0.18360341
0.20399169
0.21416692
0.20718999
0.17224220
0.10263979
0.00713383
-0.08948632
-0.15921257
-0.18749290
-0.18271185
-0.17250032
-0.18694304
-0.23680819
-0.30284374
-0.34633753
-0.33412854
-0.26102594
-0.15358807
-0.05028699
0.02485676
0.06999207
0.09407648
0.10491351
0.10572250
0.09774318
0.08345909
0.06675325
0.05081570
0.03680663
0.02439197
0.01309183
0.00301984
-0.00543190
-0.01234462
-0.01866211
-0.02548340
-0.03215625
-0.03504045
-0.02896194
-0.01047900
0.01925259
0.05393199
0.08517800
0.10718661
0.11888269
0.12283521
0.12298406
0.12194408
0.11919019
0.11211461
0.09850266
0.07788003
0.05202010
0.02520683
0.00331986
-0.00843645
-0.00831038
0.00023112
0.01029566
0.01666232
0.01928101
0.02162035
0.02620548
0.03224185
0.03725243
0.04021854
0.04223577
0.04396684
0.04343814
0.03721287
0.02368503
0.00498783
-0.01423547
-0.02988827
-0.04054563
-0.04723510
-0.05183533
-0.05570804
-0.05918155
-0.06170296
-0.06241081
-0.06096822
-0.05824164
-0.05605199
-0.05590249
-0.05785876
-0.06064835
-0.06254799
-0.06204713
-0.05810037
-0.05022413
-0.03866036
-0.02468816
-0.01051176
0.00168765
0.01060439
0.01566616
0.01654783
0.01334259
0.00721348
0.00054292
-0.00387995
-0.00409660
0.00020677
0.00777597
0.01664777
0.02510402
0.03206005
0.03698502
0.03969349
0.04007933
0.03800066
0.03353806
0.02739486
0.02096955
0.01597081
0.01384802
0.01526643
0.01963699
0.02494737
0.02846843
0.02826074
0.02439395
0.01883179
0.01399050
0.01109518
0.00970662
0.00861731
