0.00003279
0.00018697
0.00040685
0.00055966
0.00062828
0.00069490
0.00087426
0.00126572
0.00190504
0.00270218
0.00335899
0.00336504
0.00224417
-0.00002289
-0.00279694
-0.00507649
-0.00612349
-0.00591288
-0.00500563
-0.00401032
-0.00320120
-0.00254639
-0.00192869
-0.00129641
-0.00067283
-0.00010257
0.00037867
0.00075477
0.00106563
0.00143868
0.00203499
0.00293062
0.00404139
0.00514664
0.00599961
0.00648278
0.00671134
0.00698890
0.00761943
0.00866232
0.00980370
0.01049010
0.01021805
0.00875834
0.00623906
0.00309251
-0.00010782
-0.00281759
-0.00465026
-0.00548779
-0.00549536
-0.00499073
-0.00428599
-0.00360332
-0.00304849
-0.00261284
-0.00221931
-0.00181109
-0.00143539
-0.00124694
-0.00139648
-0.00189103
-0.00255184
-0.00310656
-0.00334469
-0.00321060
-0.00276027
-0.00205920
-0.00115842
-0.00014505
0.00082809
0.00156156
0.00186886
0.00166955
0.00106329
0.00032177
-0.00021074
-0.00028268
0.00011763
0.00076970
0.00139852
0.00186160
0.00220253
0.00257553
0.00312724
0.00391302
0.00486942
0.00581321
0.00647858
0.00664337
0.00628781
0.00563856
0.00504618
0.00478854
0.00492004
0.00524871
0.00545118
0.00523143
0.00444302
0.00315367
0.00160245
0.00004812
-0.00136766
-0.00264365
-0.00386496
-0.00513454
-0.00650065
-0.00791064
-0.00926155
-0.01052371
-0.01180335
-0.01328087
-0.01509021
-0.01724032
-0.01963673
-0.02216336
-0.02471631
-0.02718047
-0.02945399
-0.03152666
-0.03349092
-0.03545384
-0.03747520
-0.03961246
-0.04198812
-0.04477306
-0.04809005
-0.05192144
-0.05611142
-0.06046500
-0.06484711
-0.06920320
-0.07353341
-0.07786197
-0.08187776
-0.08286246
-0.07230998
-0.03793778
0.02548048
0.10675670
0.18148774
0.22604977
0.23196526
0.20982946
0.18046669
0.16353961
0.17059895
0.19938025
0.23214711
0.24445130
0.22017438
0.16202553
0.08929005
0.02370150
-0.02376917
-0.05400423
-0.07285581
-0.08545455
-0.09421109
-0.09926747
-0.09997831
-0.09626986
-0.08920568
-0.08061586
-0.07242529
-0.06630915
-0.06330039
-0.06317623
-0.06434521
-0.06468751
-0.06291735
-0.05936828
-0.05545671
-0.05252984
-0.05126954
-0.05173059
-0.05352719
-0.05599640
-0.05844476
-0.06061616
-0.06306614
-0.06673914
-0.07142704
-0.07371875
-0.06670912
-0.04375622
-0.00412801
0.04461709
0.08963102
0.11934254
0.12925048
0.12191418
0.10174769
0.07152095
0.03355469
-0.00795404
-0.04622003
-0.07342745
-0.08448619
-0.08007299
-0.06589287
-0.04932767
-0.03629531
-0.02955427
-0.02889387
-0.03280840
-0.03974547
-0.04795449
-0.05518188
-0.05941403
-0.05985936
-0.05689845
-0.05116740
-0.04294214
-0.03250524
-0.02082608
-0.00858399
0.00780794
0.03873423
0.09546285
0.17918501
0.27600199
0.36231543
0.41589722
0.42409372
0.38465664
0.30369411
0.19605993
0.08382792
-0.01258389
-0.08460486
-0.13677660
-0.17760142
-0.20921368
-0.22582726
-0.22056029
-0.19365203
-0.15735676
-0.13388805
-0.14441583
-0.19501011
-0.27022031
-0.33938244
-0.37140368
-0.34905858
-0.27487205
-0.16716822
-0.05128544
0.04984772
0.12332951
0.16816041
0.18970887
0.19287917
0.18136562
0.16073758
0.13843643
0.11993242
0.10574591
0.09270161
0.07794652
0.06161885
0.04655398
0.03730198
0.03954072
0.05752628
0.08939379
0.12510071
0.15105995
0.15901619
0.15215879
0.14344316
0.14735190
0.17124984
0.21161488
0.25574506
0.28559643
0.28063570
0.21974957
0.08416556
-0.13302077
-0.40999650
-0.68722654
-0.88332709
-0.93368715
-0.82715533
-0.61220708
-0.36606362
-0.15199733
0.00270689
0.10041996
0.15376048
0.17194875
0.16018676
0.12585853
0.08246780
0.04699081
0.03249047
0.04176493
0.06712253
0.09651538
0.12083532
0.13668771
0.14396480
0.14236984
0.13082344
0.10957150
0.08186022
0.05310828
0.02856278
0.01161547
0.00393173
0.00711514
0.02390349
0.05630258
0.10133849
0.14927132
0.18732741
0.20576057
0.20130023
0.17670965
0.13827142
0.09383402
0.05227479
0.02202238
0.00717536
0.00449356
0.00525478
0.00105000
-0.01111872
-0.02786727
-0.04258955
-0.05008395
-0.04930172
-0.04277599
-0.03430303
-0.02731095
-0.02447506
-0.02745239
-0.03600879
-0.04737491
-0.05717416
-0.06177632
-0.06048001
-0.05593311
-0.05230277
-0.05234363
-0.05545561
-0.05818477
-0.05673587
-0.04972193
-0.03913127
-0.02850389
-0.01990830
-0.01280442
-0.00577910
0.00118207
0.00644651
0.00856466
0.00807132
0.00730229
0.00845678
0.01185291
0.01596154
0.01892263
0.01995365
0.01948690
0.01826517
0.01658651
0.01437403
0.01159630
0.00841644
0.00510397
0.00205642
-0.00000830
-0.00008982
0.00245797
0.00710089
0.01200739
0.01492552
0.01443302
0.01075530
0.00579724
0.00222033
0.00172511
0.00373093
0.00567220
0.00468071
-0.00058438
-0.00914164
-0.01845262
-0.02601523
-0.03047038
-0.03184720
-0.03129731
-0.03049749
-0.03089199
-0.03307015
-0.03645751
-0.03951039
-0.04063144
-0.03934124
